Gene	lnL_Null	lnL_Alt	LRT
LOC102654146	-4546.481947	-4546.481947	0
LOC411083	-11682.276362	-11682.276362	0
LOC411457	-5566.113361	-5566.113361	0
LOC411796	-5312.257648	-5312.257648	0
LOC551837	-12233.054334	-12233.054334	0
LOC551931	-3235.932102	-3235.932102	0
LOC726476	-4806.503711	-4806.503711	0
Arp1	-3664.883963	-3664.883963	0
B-gluc1	-8567.575247	-8567.575247	0
Cox6c	-1486.815979	-1486.815979	0
CPR14	-1853.747007	-1853.747007	0
CPR19	-3269.799929	-3269.799921	1.6e-05
CSP6	-1979.148099	-1979.148099	0
CytC	-1423.408358	-1423.408358	0
Dcr-1	-17109.622477	-17109.622476	2e-06
Dl	-10280.543134	-10186.875768	187.335
Dnmt3	-9957.608977	-9957.149125	0.919704
Ecr	-4681.132482	-4681.132482	0
egh	-5749.304290	-5749.060895	0.48679
FAR1	-7145.907347	-7143.744957	4.32478
Gat-1B	-7488.506323	-7488.506323	0
Gat-a	-7588.562010	-7588.488741	0.146538
Gfat2	-9214.333030	-9214.333030	0
GlnS	-5418.225079	-5418.225079	0
GstD1	-4387.986591	-4387.964163	0.044856
GstS4	-3257.954514	-3257.954489	5e-05
Imd	-4521.967297	-4521.967297	0
Jtb	-8378.597844	-8378.597844	0
KAT2A	-9558.712554	-9558.712554	0
LOC100379261	-6102.173007	-6102.173007	0
LOC100576099	-2090.873119	-2090.873119	0
LOC100576186	-7579.085033	-7579.085033	0
LOC100576195	-1540.881953	-1540.881953	0
LOC100576337	-3442.253695	-3440.870007	2.76738
LOC100576383	-6944.289830	-6944.289830	0
LOC100576411	-9064.959716	-9064.959716	0
LOC100576527	-8827.151478	-8827.151478	0
LOC100576646	-3356.359490	-3356.359490	0
LOC100576649	-8763.014535	-8763.014535	0
LOC100576660	-9028.014312	-9027.652484	0.723656
LOC100576742	-15609.191306	-15609.191306	0
LOC100576795	-3884.603647	-3884.603647	0
LOC100576801	-3752.512385	-3752.512385	0
LOC100576818	-4880.741699	-4880.741699	0
LOC100576819	-7687.255626	-7687.255626	0
LOC100576826	-3582.332840	-3582.061125	0.54343
LOC100576862	-6282.085338	-6282.085338	0
LOC100577002	-8142.002161	-8141.940752	0.122818
LOC100577019	-487.818240	-487.818240	0
LOC100577050	-8145.756327	-8145.756327	0
LOC100577053	-9031.960296	-9031.960296	0
LOC100577136	-5988.333968	-5988.333968	0
LOC100577140	-8781.146062	-8781.140866	0.010392
LOC100577174	-18804.835690	-18804.835690	0
LOC100577196	-9774.375122	-9774.375122	0
LOC100577401	-16684.969473	-16684.969473	0
LOC100577423	-5051.325474	-5051.320652	0.009644
LOC100577481	-7677.860960	-7677.860960	0
LOC100577493	-9550.280665	-9550.280665	0
LOC100577519			0
LOC100577687	-7341.618354	-7341.618354	0
LOC100577690	-2326.626272	-2326.626272	0
LOC100577763	-37578.831329	-37578.831329	0
LOC100577764	-1764.959430	-1764.959430	0
LOC100577841	-4295.855112	-4295.855112	0
LOC100577870	-1454.969544	-1453.470950	2.99719
LOC100577972	-67374.509015	-67374.509015	0
LOC100578030	-5501.330355	-5501.015428	0.629854
LOC100578035	-3695.789084	-3695.789084	0
LOC100578071	-27453.685154	-27452.923739	1.52283
LOC100578156	-4114.287888	-4114.287888	0
LOC100578168	-2216.565150	-2216.565150	0
LOC100578209	-4742.190400	-4743.268746	-2.15669
LOC100578215	-6348.771158	-6348.771158	0
LOC100578235	-1919.028768	-1919.028768	0
LOC100578255	-23331.102509	-23331.102509	0
LOC100578277	-1115.865449	-1115.865449	0
LOC100578329	-9294.078903	-9294.078903	0
LOC100578356	-19589.114890	-19589.114890	0
LOC100578380	-2966.578266	-2966.578247	3.8e-05
LOC100578433	-22934.588342	-22934.588342	0
LOC100578450	-11501.455369	-11501.455369	0
LOC100578537	-11214.935275	-11214.935275	0
LOC100578560	-1641.095015	-1639.869583	2.45086
LOC100578586	-10964.079029	-10964.079029	0
LOC100578697	-2798.274990	-2798.058957	0.432066
LOC100578725	-1133.930588	-1133.930588	0
LOC100578875	-4991.703107	-4991.702717	0.00078
LOC100578893	-11050.414563	-11050.414563	0
LOC102653793	-5572.682747	-5572.553288	0.258918
LOC102653879	-4448.300031	-4448.300031	0
LOC102653930	-1477.985645	-1477.985645	0
LOC102653951	-1985.255943	-1985.255767	0.000352
LOC102654014	-3583.901187	-3583.901187	0
LOC102654165	-4722.677037	-4721.761675	1.83072
LOC102654312	-5268.263295	-5268.263295	0
LOC102654349	-958.545766	-958.545766	0
LOC102654365	-8181.943858	-8180.855482	2.17675
LOC102654610	-3854.606194	-3854.606194	0
LOC102654621	-6700.736049	-6700.484068	0.503962
LOC102654987	-2043.852189	-2043.852189	0
LOC102655219	-4878.540607	-4878.540607	0
LOC102655244	-9638.732704	-9638.729943	0.005522
LOC102655259	-9872.162481	-9872.162481	0
LOC102655470	-551.877892	-551.877892	0
LOC102655679	-3352.924474	-3352.924474	0
LOC102655688	-7849.814255	-7849.814255	0
LOC102655836	-6358.984643	-6358.984643	0
LOC102655877	-4943.176927	-4942.886665	0.580524
LOC102655904	-1683.673252	-1683.673252	0
LOC102655948	-4155.025355	-4154.841931	0.366848
LOC102656183	-1840.959046	-1840.959046	0
LOC102656263	-2846.504705	-2846.504705	0
LOC102656287	-1672.372924	-1672.372924	0
LOC107963993	-5517.259357	-5517.157260	0.204194
LOC107964089	-2767.731901	-2767.731901	0
LOC107964507	-1443.433677	-1443.433677	0
LOC107965021	-1490.073622	-1490.072850	0.001544
LOC107965199	-9217.833848	-9217.833848	0
LOC107965225	-2528.529653	-2528.529653	0
LOC107965250	-5535.005382	-5535.005382	0
LOC107965266	-6699.197783	-6699.197783	0
LOC107965508	-3971.131629	-3971.131629	0
LOC107965749	-5551.634621	-5551.629603	0.010036
LOC107965828	-3750.721310	-3750.721310	0
LOC113218526	-11238.870071	-11238.870071	0
LOC113218534	-4985.792595	-4984.458771	2.66765
LOC113218670	-2777.207484	-2777.207484	0
LOC406097	-8148.228211	-8147.967012	0.522398
LOC406114	-9776.444936	-9776.444936	0
LOC408271	-6691.074072	-6691.074069	6e-06
LOC408286	-12218.235090	-12218.235090	0
LOC408303	-5188.600732	-5188.600732	0
LOC408312	-7849.487462	-7849.487462	0
LOC408355	-5887.085703	-5887.085703	0
LOC408358	-19062.533000	-19062.533000	0
LOC408369	-3171.905002	-3171.559919	0.690166
LOC408391	-4453.432289	-4453.430150	0.004278
LOC408402	-7158.123431	-7158.123431	0
LOC408421	-9021.906399	-9021.906399	0
LOC408426	-3240.827198	-3240.715790	0.222816
LOC408426	-3240.827198	-3240.715790	0.222816
LOC408434	-5856.840352	-5856.840352	0
LOC408438	-14421.957549	-14421.957549	0
LOC408458	-13000.836896	-13000.836896	0
LOC408461	-3729.208350	-3729.208350	0
LOC408474	-9902.876883	-9902.876883	0
LOC408501	-15061.431353	-15061.431353	0
LOC408511	-3730.486548	-3730.365416	0.242264
LOC408520	-3360.220663	-3360.220663	0
LOC408533	-16622.379412	-16622.379412	0
LOC408573	-2867.658109	-2867.658109	0
LOC408575	-4880.954399	-4880.954399	0
LOC408592	-6446.993054	-6446.993054	0
LOC408597	-4360.316229	-4360.316229	0
LOC408649	-7009.326998	-7009.326998	0
LOC408661	-9172.683109	-9172.683109	0
LOC408668	-11325.406712	-11325.406712	0
LOC408687	-3703.621812	-3703.580981	0.081662
LOC408717	-3368.231990	-3368.231990	0
LOC408741	-4273.590790	-4273.590790	0
LOC408742	-8628.170943	-8628.170943	0
LOC408748	-2007.504812	-2007.504812	0
LOC408766	-2711.239593	-2711.239593	0
LOC408774	-41877.846113	-41877.846113	0
LOC408785	-3382.615012	-3382.615012	0
LOC408791	-15377.805896	-15377.805896	0
LOC408793	-11755.898755	-11755.898755	0
LOC408804	-11999.058382	-11999.058382	0
LOC408808	-14406.607676	-14406.607676	0
LOC408808	-14406.607676	-14406.607676	0
LOC408815	-18471.178671	-18471.178671	0
LOC408819	-2244.097422	-2244.097422	0
LOC408827	-3216.265688	-3216.089979	0.351418
LOC408833	-3061.967284	-3061.967284	0
LOC408834	-4232.171697	-4232.171697	0
LOC408851	-1541.418234	-1541.418234	0
LOC408871	-5892.752219	-5892.752219	0
LOC408892	-5267.644061	-5267.644061	0
LOC408906	-7481.690383	-7481.690383	0
LOC408924	-6091.417139	-6091.417139	0
LOC408925	-9680.769194	-9680.769189	1e-05
LOC408955	-6704.655894	-6704.655894	0
LOC408971	-2077.631730	-2077.631730	0
LOC408979	-5545.823228	-5545.823228	0
LOC408989	-9921.325244	-9921.253893	0.142702
LOC409004	-1717.508957	-1717.508957	0
LOC409023	-5133.232972	-5133.229669	0.006606
LOC409026	-3223.043785	-3222.867065	0.35344
LOC409032	-11846.953399	-11846.953399	0
LOC409036	-1422.459910	-1422.459910	0
LOC409036	-1422.459910	-1422.459910	0
LOC409041	-3908.980493	-3908.980493	0
LOC409055	-4797.039450	-4797.039450	0
LOC409068	-4631.375628	-4631.375628	0
LOC409098	-13349.802768	-13349.802768	0
LOC409103	-4361.710933	-4361.589392	0.243082
LOC409125	-17263.046212	-17263.046212	0
LOC409157	-7989.439939	-7989.439939	0
LOC409165	-5614.658673	-5614.591940	0.133466
LOC409179	-5784.103384	-5784.103384	0
LOC409180	-6517.283739	-6515.927649	2.71218
LOC409189	-5522.261150	-5522.261150	0
LOC409196	-7733.770462	-7733.770462	0
LOC409201	-1894.749204	-1894.074993	1.34842
LOC409203	-8521.384682	-8521.384682	0
LOC409226	-7891.508347	-7891.508347	0
LOC409245	-4566.536142	-4566.536142	0
LOC409249	-13677.025117	-13677.025117	0
LOC409260	-6636.917241	-6636.917241	0
LOC409263	-3942.574846	-3942.574846	0
LOC409265	-7540.096518	-7540.096518	0
LOC409270	-5552.661774	-5548.878615	7.56632
LOC409271	-24424.274338	-24424.274339	-2e-06
LOC409286	-3553.517590	-3553.517590	0
LOC409292	-4088.949446	-4088.949445	2e-06
LOC409308	-763.917338	-763.917338	0
LOC409320	-3031.460561	-3031.460561	0
LOC409329	-3763.264871	-3763.264871	0
LOC409334	-9977.069185	-9977.069185	0
LOC409336	-3567.067754	-3567.067367	0.000774
LOC409341	-5684.188090	-5684.188090	0
LOC409361	-2637.618142	-2637.618142	0
LOC409365	-14219.779270	-14219.779270	0
LOC409373	-3673.678207	-3672.723562	1.90929
LOC409377	-7365.313727	-7365.313727	0
LOC409386	-1132.587832	-1132.587831	2e-06
LOC409388	-3109.375430	-3109.375430	0
LOC409393	-26685.626015	-26685.626015	0
LOC409410	-5464.838408	-5464.069531	1.53775
LOC409411	-3634.408805	-3634.408805	0
LOC409425	-11353.849382	-11353.839833	0.019098
LOC409427	-4580.190432	-4580.190432	0
LOC409441	-4664.785421	-4664.785421	0
LOC409465	-80.136617	-80.136617	0
LOC409488	-3497.033760	-3497.033760	0
LOC409491	-4485.719614	-4485.246314	0.9466
LOC409495	-4287.750753	-4287.743578	0.01435
LOC409499	-4234.068872	-4234.068872	0
LOC409511	-3866.778959	-3866.778959	0
LOC409520	-2971.052798	-2971.052798	0
LOC409523	-3504.000336	-3504.000336	0
LOC409529	-1981.406472	-1981.399074	0.014796
LOC409529	-1981.406472	-1981.399074	0.014796
LOC409538	-1996.388804	-1996.388804	0
LOC409559	-6154.345734	-6154.345734	0
LOC409586	-2951.585845	-2951.564488	0.042714
LOC409607	-3251.543979	-3251.543979	0
LOC409633	-3130.113417	-3130.113417	0
LOC409643	-4868.092750	-4868.092750	0
LOC409662	-3267.073635	-3267.073635	0
LOC409667	-1189.535152	-1189.535152	0
LOC409670	-8493.928858	-8493.928857	2e-06
LOC409673	-31245.032730	-31245.032730	0
LOC409689	-6429.133996	-6429.133996	0
LOC409704	-6899.911781	-6899.444260	0.935042
LOC409724	-7590.212727	-7590.212727	0
LOC409726	-7542.713549	-7542.713549	0
LOC409736	-5980.290606	-5980.290606	0
LOC409740	-3624.687248	-3622.934144	3.50621
LOC409749	-1615.791943	-1615.791943	0
LOC409762	-2220.066800	-2220.066800	0
LOC409769	-5937.107584	-5936.983311	0.248546
LOC409791	-3374.914211	-3374.904805	0.018812
LOC409795	-13930.346483	-13930.346483	0
LOC409814	-9402.413404	-9402.413404	0
LOC409833	-5599.842943	-5599.842943	0
LOC409838	-8520.687244	-8520.687244	0
LOC409852	-6698.355589	-6698.355589	0
LOC409857	-1345.668340	-1344.648276	2.04013
LOC409860	-7693.403660	-7693.403660	0
LOC409863	-2785.293989	-2785.293989	0
LOC409900	-2510.690502	-2510.690502	0
LOC409905	-7202.214052	-7202.161664	0.104776
LOC409909	-4060.374228	-4060.374228	0
LOC409910	-1748.120103	-1748.120103	0
LOC409911	-6220.287466	-6220.287466	0
LOC409920	-1198.586629	-1198.586629	0
LOC409924	-5834.668173	-5834.668173	0
LOC409925	-1961.403495	-1961.403495	0
LOC409928	-9809.836128	-9806.981786	5.70868
LOC409930	-2412.299027	-2412.299027	0
LOC409941	-10077.259212	-10077.259212	0
LOC409945	-6608.563056	-6608.563056	0
LOC409976	-3429.959414	-3429.959414	0
LOC410039	-5379.713232	-5379.713232	0
LOC410055	-3518.032182	-3518.032182	0
LOC410059	-5605.696065	-5605.696065	0
LOC410087	-3984.261032	-3984.261032	0
LOC410091	-4573.569455	-4573.569455	0
LOC410097	-17926.003425	-17926.003425	0
LOC410105	-6456.869936	-6456.869936	0
LOC410107	-8859.367244	-8859.367244	0
LOC410118	-6281.688089	-6281.688089	0
LOC410155	-4.813935	-4.813935	0
LOC410157	-1649.285728	-1649.285728	0
LOC410159	-16592.875784	-16592.192664	1.36624
LOC410172	-5754.424696	-5754.424696	0
LOC410183	-19183.830048	-19183.830048	0
LOC410241	-1791.679326	-1791.679326	0
LOC410257	-4607.718901	-4607.718901	0
LOC410270	-7510.117454	-7510.117454	0
LOC410283	-3340.137510	-3340.137510	0
LOC410286	-10663.082527	-10663.082527	0
LOC410289	-10175.503943	-10175.503943	0
LOC410337	-11366.994148	-11366.994148	0
LOC410338	-4581.511613	-4581.511613	0
LOC410371	-12230.714758	-12230.693512	0.042492
LOC410376	-3835.913028	-3835.913028	0
LOC410379	-11925.425499	-11925.425499	0
LOC410383	-7112.152000	-7112.152000	0
LOC410395	-1749.230744	-1748.310975	1.83954
LOC410414	-11960.456856	-11960.456856	0
LOC410420	-3313.878346	-3313.878346	0
LOC410451	-8133.566692	-8133.566692	0
LOC410456	-4975.990606	-4975.990606	0
LOC410470	-5493.936548	-5493.907221	0.058654
LOC410484	-10038.556327	-10038.556327	0
LOC410485	-11481.171289	-11481.171289	0
LOC410510	-11038.333526	-11038.333526	0
LOC410512	-4896.347087	-4896.347087	0
LOC410525	-1719.762235	-1719.762235	0
LOC410538	-10300.194225	-10300.194225	0
LOC410542	-6069.580583	-6069.580583	0
LOC410550	-8429.316146	-8429.316146	0
LOC410561	-2758.837798	-2758.837798	0
LOC410571	-16244.311156	-16244.311156	0
LOC410575	-3902.985221	-3902.985221	0
LOC410577	-2899.300098	-2897.962698	2.6748
LOC410583	-6365.312786	-6365.312786	0
LOC410585	-21862.536115	-21862.536115	0
LOC410618	-5971.215271	-5971.215271	0
LOC410630	-14538.011001	-14538.011001	0
LOC410636	-1937.837587	-1937.837587	0
LOC410663	-1724.706611	-1724.706611	0
LOC410664	-9267.910271	-9267.910271	0
LOC410719	-5098.898721	-5098.898721	0
LOC410732	-5474.138632	-5474.138632	0
LOC410811	-9051.243912	-9051.243912	0
LOC410812	-2066.347227	-2066.347227	0
LOC410821	-3498.760744	-3498.760744	0
LOC410837	-2912.899867	-2912.897251	0.005232
LOC410860	-3839.074204	-3839.074204	0
LOC410879	-6013.346381	-6013.346381	0
LOC410907	-5258.272954	-5258.272954	0
LOC410911	-5908.225429	-5908.225429	0
LOC410938	-6618.732287	-6618.732287	0
LOC410940	-19509.678302	-19509.678302	0
LOC410943	-3823.312985	-3823.312985	0
LOC410952	-4524.245050	-4524.245050	0
LOC410969	-2271.352376	-2271.352376	0
LOC410973	-1734.051655	-1734.051655	0
LOC410985	-3802.884876	-3802.884876	0
LOC411043	-7237.466458	-7237.466458	0
LOC411048	-2873.923174	-2873.923174	0
LOC411054	-6097.485791	-6097.485791	0
LOC411070	-14448.820180	-14448.820180	0
LOC411088	-2063.820066	-2045.394866	36.8504
LOC411100	-4156.839592	-4155.932301	1.81458
LOC411115	-41766.747728	-41766.747728	0
LOC411147	-9616.339276	-9616.339276	0
LOC411148	-6830.971465	-6830.971465	0
LOC411163	-6434.325912	-6434.325912	0
LOC411164	-5701.631918	-5701.528757	0.206322
LOC411167	-7821.071988	-7821.071988	0
LOC411188	-5928.084514	-5928.084514	0
LOC411191	-2118.989134	-2118.989134	0
LOC411214	-4469.487129	-4469.454506	0.065246
LOC411233	-10186.708929	-10186.708929	0
LOC411249	-13777.151174	-13777.151174	0
LOC411260	-1234.409221	-1234.409221	0
LOC411261	-10246.750507	-10246.750507	0
LOC411270	-9294.906541	-9294.906541	0
LOC411270	-9294.906541	-9294.906541	0
LOC411288	-4610.468515	-4610.468515	0
LOC411295	-2905.210268	-2905.210268	0
LOC411306	-4868.718508	-4867.289308	2.8584
LOC411335	-2945.997766	-2945.997766	0
LOC411347	-2004.509329	-2004.455099	0.10846
LOC411365	-3112.064884	-3112.064884	0
LOC411391	-3575.849223	-3575.849223	0
LOC411404	-5961.855808	-5961.815154	0.081308
LOC411408	-2551.145037	-2551.043382	0.20331
LOC411447	-7532.785864	-7532.785864	0
LOC411458	-6777.767782	-6777.767781	2e-06
LOC411473	-8588.740026	-8588.740026	0
LOC411474	-21683.259044	-21683.259044	0
LOC411490	-7370.904132	-7370.898786	0.010692
LOC411509	-4231.920362	-4231.920362	0
LOC411510	-4674.079849	-4674.079849	0
LOC411519	-5562.342302	-5562.342302	0
LOC411524	-2757.189817	-2757.189817	0
LOC411540	-8571.445085	-8571.445085	0
LOC411545	-11276.005290	-11276.005290	0
LOC411552	-4241.070368	-4241.070368	0
LOC411564	-14041.107757	-14041.107757	0
LOC411566	-14213.738768	-14213.738768	0
LOC411633	-4612.961427	-4612.961427	0
LOC411639	-48640.955542	-48640.955542	0
LOC411654	-4248.289016	-4248.289016	0
LOC411665	-3358.369086	-3358.369086	0
LOC411698	-4874.291605	-4874.291605	0
LOC411699	-12851.093000	-12851.093000	0
LOC411719	-5286.807590	-5286.063812	1.48756
LOC411722	-4599.208122	-4599.208122	0
LOC411724	-14207.615625	-14204.496660	6.23793
LOC411730	-11619.118021	-11619.118021	0
LOC411731	-10034.990351	-10034.990351	0
LOC411732	-2912.494081	-2912.388678	0.210806
LOC411789	-2784.917110	-2784.917110	0
LOC411794	-6350.083319	-6350.083319	0
LOC411799	-7234.475630	-7234.475630	0
LOC411839	-6514.030991	-6514.030991	0
LOC411856	-3801.804164	-3801.804164	0
LOC411875	-6715.960638	-6715.960638	0
LOC411892	-4080.371209	-4080.371209	0
LOC411904	-10909.627294	-10909.627294	0
LOC411906	-13908.990204	-13909.923834	-1.86726
LOC411915	-4480.232038	-4480.232038	0
LOC411923	-13351.497508	-13351.497508	0
LOC411972	-5823.174311	-5823.174311	0
LOC411980	-7731.190465	-7731.190465	0
LOC411982	-3174.159330	-3174.159330	0
LOC411985	-16599.191827	-16599.191827	0
LOC412003	-9397.464737	-9397.464737	0
LOC412005	-4702.879152	-4702.879152	0
LOC412018	-8709.086978	-8709.086978	0
LOC412024	-3836.445465	-3835.885224	1.12048
LOC412025	-9400.859722	-9400.859722	0
LOC412027	-5534.113848	-5533.469862	1.28797
LOC412030	-1637.371193	-1637.371193	0
LOC412046	-22704.429904	-22704.429904	0
LOC412064	-2906.013995	-2906.013995	0
LOC412069	-6737.551128	-6737.551128	0
LOC412082	-3645.286850	-3645.280471	0.012758
LOC412097	-12652.111926	-12652.111926	0
LOC412115	-11934.551391	-11934.551391	0
LOC412148	-2782.560350	-2782.560350	0
LOC412150	-11128.394730	-11128.394730	0
LOC412167	-11466.137191	-11465.975224	0.323934
LOC412177	-7315.693809	-7315.693809	0
LOC412195	-6457.938978	-6456.301438	3.27508
LOC412198	-22074.334506	-22074.334506	0
LOC412200	-9267.827680	-9267.827680	0
LOC412232	-4350.958634	-4350.958634	0
LOC412235	-4100.875350	-4100.875350	0
LOC412245	-6764.755922	-6764.342498	0.826848
LOC412247	-4527.242202	-4527.242202	0
LOC412263	-13182.061436	-13182.061436	0
LOC412276	-3716.601437	-3716.311773	0.579328
LOC412277	-5279.888837	-5279.677328	0.423018
LOC412278	-20098.506251	-20098.506251	0
LOC412282	-16547.049704	-16547.049704	0
LOC412287	-6893.153942	-6893.153942	0
LOC412294	-4673.974011	-4673.974011	0
LOC412303	-3568.591360	-3568.591360	0
LOC412332	-15631.079570	-15631.079570	0
LOC412339	-3671.769024	-3671.769024	0
LOC412348	-2782.337291	-2782.056425	0.561732
LOC412366	-4184.358336	-4184.358336	0
LOC412378	-3218.316671	-3218.316671	0
LOC412410	-7214.864935	-7214.512891	0.704088
LOC412422	-20049.438902	-20049.438902	0
LOC412423	-5520.727630	-5520.670447	0.114366
LOC412467	-7132.033832	-7132.033832	0
LOC412470	-6924.244996	-6924.244996	0
LOC412526	-4473.663747	-4473.663747	0
LOC412540	-6665.721921	-6665.721921	0
LOC412547	-1364.990916	-1364.990916	0
LOC412554	-3051.435638	-3051.435638	0
LOC412563	-6243.560597	-6243.560597	0
LOC412573	-6803.431377	-6803.427970	0.006814
LOC412578	-2034.136583	-2034.136583	0
LOC412580	-7018.812126	-7018.694518	0.235216
LOC412598	-4696.883449	-4687.699970	18.367
LOC412612	-5356.577186	-5356.577186	0
LOC412619	-5596.853657	-5596.853657	0
LOC412623	-13042.464719	-13042.464719	0
LOC412624	-9643.556196	-9643.556196	0
LOC412647	-4437.230788	-4437.230788	0
LOC412670	-6011.084606	-6011.084596	2e-05
LOC412675	-5425.113793	-5424.453699	1.32019
LOC412687	-5084.036755	-5083.815175	0.44316
LOC412690	-4613.093004	-4613.093004	0
LOC412750	-12114.987005	-12114.987005	0
LOC412762	-4392.186130	-4392.186130	0
LOC412810	-13660.903987	-13660.903987	0
LOC412816	-3363.795229	-3363.760571	0.069316
LOC412851	-4282.219886	-4282.219886	0
LOC412870	-1230.959386	-1230.959386	0
LOC412878	-21361.564475	-21361.537841	0.053268
LOC412889	-5901.702963	-5901.702963	0
LOC412931	-6691.703810	-6691.703810	0
LOC412933	-4700.097613	-4700.097613	0
LOC412950	-9965.949264	-9965.949264	0
LOC412956	-5086.250339	-5086.250251	0.000176
LOC413006	-3936.123951	-3936.123951	0
LOC413011	-6539.746618	-6539.746618	0
LOC413030	-3231.927683	-3231.648432	0.558502
LOC413032	-10829.506325	-10826.195013	6.62262
LOC413065	-3367.705160	-3367.347376	0.715568
LOC413074	-15809.986816	-15809.984421	0.00479
LOC413087	-9264.537588	-9264.537588	0
LOC413101	-5153.707274	-5153.707274	0
LOC413106	-8427.265001	-8427.265001	0
LOC413110	-2354.355245	-2353.851420	1.00765
LOC413119	-9895.131276	-9894.117905	2.02674
LOC413126	-7970.532199	-7970.470356	0.123686
LOC413133	-4612.215408	-4612.215408	0
LOC413153	-6825.202157	-6825.202157	0
LOC413179	-2624.836113	-2625.108138	-0.54405
LOC413194	-6033.932777	-6033.492042	0.88147
LOC413196	-3032.759709	-3032.759709	0
LOC413208	-7424.023535	-7424.023535	0
LOC413228	-7168.577675	-7168.577675	0
LOC413233	-9522.439986	-9522.306917	0.266138
LOC413240	-2590.129582	-2590.129582	0
LOC413242	-9236.029189	-9236.029189	0
LOC413246	-1774.950857	-1774.950857	0
LOC413250	-8331.079788	-8331.079788	0
LOC413271	-6056.277429	-6056.277429	0
LOC413275	-3462.721051	-3462.721051	0
LOC413297	-3439.750258	-3439.657212	0.186092
LOC413305	-8373.721928	-8373.721928	0
LOC413365	-4213.459076	-4213.459076	0
LOC413383	-3995.531316	-3995.531316	0
LOC413389	-7711.828114	-7711.626779	0.40267
LOC413394	-2011.849152	-2011.791739	0.114826
LOC413411	-8656.878732	-8656.878732	0
LOC413430	-5799.556211	-5799.556211	0
LOC413489	-6379.027435	-6379.027435	0
LOC413495	-3062.569422	-3062.569422	0
LOC413510	-16198.484311	-16198.468950	0.030722
LOC413520	-3290.549850	-3290.549850	0
LOC413529	-6608.582311	-6608.582311	0
LOC413534	-5884.865697	-5884.865697	0
LOC413542	-14144.613653	-14144.613653	0
LOC413544	-7348.335647	-7348.335647	0
LOC413567	-4582.243424	-4582.145128	0.196592
LOC413573	-3464.920078	-3464.920078	0
LOC413575	-10357.725498	-10357.725498	0
LOC413576	-8649.659804	-8649.659804	0
LOC413579	-6944.289830	-6944.289830	0
LOC413583	-5834.347037	-5834.347037	0
LOC413601	-3135.385814	-3135.385814	0
LOC413614	-1777.851943	-1777.851943	0
LOC413619	-2279.621183	-2279.621183	0
LOC413643	-5606.912512	-5606.912512	0
LOC413668	-9636.001288	-9636.001288	0
LOC413672	-8878.721088	-8878.721088	0
LOC413678	-6233.366500	-6233.366500	0
LOC413688	-6365.985285	-6365.985285	0
LOC413699	-6574.137990	-6574.137990	0
LOC413713	-9222.756082	-9222.239375	1.03341
LOC413736	-6725.421800	-6725.421800	0
LOC413742	-8691.275767	-8691.275767	0
LOC413772	-6424.688620	-6427.038502	-4.69976
LOC413782	-10257.646493	-10257.646493	0
LOC413796	-13439.591169	-13439.591169	0
LOC413815	-5051.248827	-5051.248827	0
LOC413827	-3051.884675	-3051.884675	0
LOC413854	-10471.553392	-10471.553392	0
LOC413873	-19751.000250	-19751.000250	0
LOC413878	-7963.608882	-7963.608882	0
LOC413881	-1661.599412	-1661.599412	0
LOC413889	-4364.206449	-4364.178860	0.055178
LOC413909	-6448.027077	-6448.027077	0
LOC413914	-3645.730669	-3645.730669	0
LOC413916	-3320.886423	-3320.886423	0
LOC413917	-7412.134167	-7412.134167	0
LOC413950	-12376.689893	-12376.689893	0
LOC413976	-2370.765342	-2370.765342	0
LOC413987	-6251.132504	-6251.132504	0
LOC414009	-7143.401316	-7143.297635	0.207362
LOC414027	-1939.026273	-1939.026273	0
LOC414035	-3398.279555	-3398.197890	0.16333
LOC414039	-1060.430047	-1060.430047	0
LOC494509	-4059.272800	-4059.272800	0
LOC550659	-4026.698761	-4026.698761	0
LOC550695	-7809.240157	-7809.240157	0
LOC550701	-4182.270526	-4181.869844	0.801364
LOC550710	-2245.414926	-2245.414926	0
LOC550716	-16266.363541	-16266.363541	0
LOC550767	-3206.435830	-3206.435830	0
LOC550780	-3215.399238	-3215.246128	0.30622
LOC550789	-4125.956008	-4125.956008	0
LOC550804	-8599.518926	-8599.518926	0
LOC550829	-21909.736885	-21909.736880	1e-05
LOC550834	-817.656948	-817.656948	0
LOC550869	-6648.884531	-6648.884531	0
LOC550881	-2534.953891	-2534.953891	0
LOC550884	-6811.382393	-6811.382393	0
LOC550885	-6912.001830	-6911.889037	0.225586
LOC550901	-4650.514539	-4650.514539	0
LOC550903	-10063.319346	-10063.319346	0
LOC550955	-3016.075577	-3016.075577	0
LOC550970	-2250.826330	-2250.674027	0.304606
LOC550998	-3089.519037	-3089.519037	0
LOC551009	-7263.131186	-7262.790310	0.681752
LOC551012	-7939.790642	-7939.790642	0
LOC551036	-4705.574011	-4705.574011	0
LOC551042	-2718.180204	-2717.927394	0.50562
LOC551057	-3199.759363	-3199.759363	0
LOC551088	-5548.040900	-5548.030452	0.020896
LOC551093	-7064.435589	-7064.435589	0
LOC551100	-3020.007225	-3020.007203	4.4e-05
LOC551114	-2311.406140	-2311.406140	0
LOC551116	-3520.020361	-3520.020361	0
LOC551133	-4744.363441	-4743.918816	0.88925
LOC551177	-1927.550172	-1925.859254	3.38184
LOC551194	-6824.472834	-6822.322185	4.3013
LOC551198	-3717.675105	-3717.090368	1.16947
LOC551207	-9935.868982	-9935.868982	0
LOC551208	-4444.996376	-4444.996376	0
LOC551212	-8443.710762	-8443.710762	0
LOC551219	-7510.646085	-7510.535851	0.220468
LOC551231	-4942.538025	-4942.538025	0
LOC551248	-1832.566321	-1832.456466	0.21971
LOC551276	-6582.228341	-6582.067674	0.321334
LOC551290	-5732.195674	-5732.195674	0
LOC551304	-615.850296	-615.850296	0
LOC551314	-10208.583973	-10208.583973	0
LOC551324	-5240.709644	-5240.616688	0.185912
LOC551353	-2669.748963	-2669.654789	0.188348
LOC551364	-5759.570334	-5759.553595	0.033478
LOC551379	-5993.408747	-5993.408747	0
LOC551381	-1153.614332	-1153.614332	0
LOC551384	-4599.871632	-4599.871632	0
LOC551392	-5845.323199	-5845.323199	0
LOC551395	-6389.734516	-6389.734516	0
LOC551398	-14747.483707	-14747.483707	0
LOC551405	-6987.401643	-6986.097005	2.60928
LOC551413	-2005.636036	-2005.636036	0
LOC551414	-4315.861002	-4315.429478	0.863048
LOC551416	-6696.560875	-6696.560875	0
LOC551425	-12984.672406	-12984.672406	0
LOC551426	-4212.497986	-4209.606253	5.78347
LOC551435	-7490.057884	-7490.026606	0.062556
LOC551439	-4177.928344	-4177.928344	0
LOC551441	-3476.370601	-3476.370601	0
LOC551445	-3839.087653	-3839.087653	0
LOC551447	-5450.345113	-5450.345113	0
LOC551448	-3110.713180	-3110.713180	0
LOC551452	-4861.715333	-4861.715333	0
LOC551457	-4511.499445	-4511.499445	0
LOC551467	-4950.998965	-4950.998965	0
LOC551484	-8683.954783	-8683.954783	0
LOC551500	-12793.710314	-12793.716775	-0.012922
LOC551501	-2174.717619	-2174.717619	0
LOC551517	-5423.168656	-5423.064386	0.20854
LOC551530	-22891.212358	-22899.107766	-15.7908
LOC551549	-6429.576701	-6429.576701	0
LOC551554	-1774.853980	-1774.853980	0
LOC551578	-9682.709802	-9682.709181	0.001242
LOC551581	-6611.057754	-6611.057754	0
LOC551589	-2394.842246	-2394.842246	0
LOC551602	-7254.535005	-7254.535005	0
LOC551603	-2249.172123	-2249.098883	0.14648
LOC551607	-1222.491840	-1222.491840	0
LOC551608	-5542.024133	-5542.024133	0
LOC551618	-6348.110979	-6348.110979	0
LOC551619	-11127.476467	-11127.334820	0.283294
LOC551629	-16509.158676	-16509.158676	0
LOC551631	-8650.327907	-8650.024372	0.60707
LOC551642	-5157.203806	-5157.203806	0
LOC551662	-3116.432283	-3116.432283	0
LOC551664	-4221.921966	-4221.921966	0
LOC551668	-12671.484465	-12671.484465	0
LOC551679	-2560.744855	-2560.744855	0
LOC551683	-4671.007531	-4671.007531	0
LOC551695	-771.575813	-771.575813	0
LOC551699	-5558.526875	-5558.526875	0
LOC551709	-13602.892692	-13602.892692	0
LOC551712	-6052.323251	-6052.320163	0.006176
LOC551721	-5468.498610	-5468.498610	0
LOC551732	-4431.619818	-4431.619818	0
LOC551749	-8039.815366	-8039.814645	0.001442
LOC551753	-18536.022671	-18536.022671	0
LOC551755	-1413.310606	-1413.310606	0
LOC551757	-2041.889654	-2041.889654	0
LOC551794	-2252.810309	-2252.810309	0
LOC551806	-4518.027701	-4518.027701	0
LOC551815	-5099.337014	-5099.337014	0
LOC551817	-1586.059216	-1586.059216	0
LOC551819	-5321.796362	-5321.796362	0
LOC551827	-4292.918391	-4292.918391	0
LOC551847	-4568.233465	-4568.232636	0.001658
LOC551872	-3583.976024	-3583.976024	0
LOC551882	-3006.891310	-3006.891310	0
LOC551890	-5381.762071	-5381.762071	0
LOC551892	-3562.209982	-3562.209982	0
LOC551898	-1358.391243	-1358.391243	0
LOC551912	-1037.338555	-1037.087641	0.501828
LOC551922	-2197.431979	-2197.412373	0.039212
LOC551952	-3783.325453	-3783.243918	0.16307
LOC551961	-1613.326222	-1613.326222	0
LOC551962	-2939.493748	-2939.297331	0.392834
LOC551964	-7900.643149	-7900.643149	0
LOC551969	-7040.348823	-7040.348823	0
LOC551970	-15407.609359	-15407.609359	0
LOC551972	-5727.136884	-5727.136884	0
LOC551980	-3293.584594	-3293.584594	0
LOC551982	-2472.279909	-2472.098373	0.363072
LOC551986	-4587.768182	-4587.768182	0
LOC552000	-2615.563912	-2615.563912	0
LOC552003	-3044.750487	-3044.750487	0
LOC552009	-3761.091121	-3761.091121	0
LOC552036	-5931.119460	-5931.119460	0
LOC552043	-3816.682382	-3816.682382	0
LOC552051	-3771.558857	-3771.558857	0
LOC552056	-6047.058469	-6047.058469	0
LOC552062	-5448.229985	-5449.811005	-3.16204
LOC552091	-4495.915492	-4495.915492	0
LOC552093	-3919.039938	-3919.039938	0
LOC552095	-16147.001571	-16147.001571	0
LOC552124	-3112.396451	-3112.381105	0.030692
LOC552138	-1834.533773	-1834.533773	0
LOC552139	-3882.909767	-3882.909767	0
LOC552141	-3434.326900	-3434.171339	0.311122
LOC552144	-6855.893964	-6855.893964	0
LOC552145	-2053.281039	-2053.281039	0
LOC552150	-4884.814190	-4884.814190	0
LOC552156	-6441.017271	-6436.449797	9.13495
LOC552161	-1464.643657	-1464.570278	0.146758
LOC552163	-5991.830910	-5991.830910	0
LOC552180	-1771.057607	-1771.057607	0
LOC552181	-3411.369442	-3411.369442	0
LOC552191	-4872.349304	-4872.349304	0
LOC552194	-6164.214268	-6163.204208	2.02012
LOC552196	-2466.845508	-2466.759830	0.171356
LOC552197	-4249.579792	-4249.564584	0.030416
LOC552204	-1886.719904	-1886.719904	0
LOC552213	-2025.558394	-2025.558394	0
LOC552237	-2363.063067	-2363.063067	0
LOC552245	-8797.888626	-8797.888626	0
LOC552246	-4615.307728	-4615.307728	0
LOC552247	-9219.309012	-9217.809568	2.99889
LOC552249	-18845.660862	-18845.660862	0
LOC552254	-5434.308906	-5434.308906	0
LOC552263	-4100.475087	-4100.475087	0
LOC552278	-4537.856298	-4537.856298	0
LOC552283	-3853.457234	-3853.457234	0
LOC552315	-3591.938548	-3590.669148	2.5388
LOC552327	-4880.220921	-4880.220921	0
LOC552348	-2190.673094	-2190.673094	0
LOC552353	-1860.715128	-1860.715128	0
LOC552377	-4741.872038	-4740.592263	2.55955
LOC552392	-5092.619177	-5092.619177	0
LOC552398	-4583.252130	-4583.250167	0.003926
LOC552403	-1389.656657	-1389.656657	0
LOC552410	-1337.250480	-1337.250480	0
LOC552413	-3971.542816	-3971.542816	0
LOC552417	-7239.825627	-7239.786843	0.077568
LOC552419	-2050.892190	-2050.892190	0
LOC552424	-3300.413001	-3298.987784	2.85043
LOC552426	-2635.106496	-2635.106496	0
LOC552432	-5855.617204	-5855.617204	0
LOC552441	-2880.981461	-2880.981461	0
LOC552443	-2457.092234	-2456.696954	0.79056
LOC552449	-2510.062722	-2510.062722	0
LOC552451	-4833.052057	-4833.052057	0
LOC552455	-7506.588548	-7506.468198	0.2407
LOC552460	-1442.238364	-1442.238364	0
LOC552476	-1275.345223	-1275.345223	0
LOC552479	-9836.658767	-9835.147863	3.02181
LOC552485	-5728.304296	-5728.304296	0
LOC552488	-5054.530256	-5054.530256	0
LOC552495	-10443.527201	-10443.362647	0.329108
LOC552496	-9492.784303	-9492.784303	0
LOC552501	-1707.700006	-1707.700006	0
LOC552510	-7502.079169	-7502.079169	0
LOC552511	-3716.204702	-3716.204702	0
LOC552516	-3837.728104	-3837.728104	0
LOC552520	-3979.458849	-3979.458849	0
LOC552522	-7293.934696	-7293.934696	0
LOC552528	-8215.103115	-8215.103115	0
LOC552529	-1442.462997	-1442.423838	0.078318
LOC552531	-1153.832489	-1153.832489	0
LOC552533	-6635.837407	-6635.837407	0
LOC552549	-5889.385696	-5889.385696	0
LOC552551	-1411.431399	-1411.064441	0.733916
LOC552562	-5278.670878	-5278.670878	0
LOC552566	-6583.770424	-6583.654036	0.232776
LOC552571	-7685.439072	-7685.439072	0
LOC552590	-4499.096447	-4499.096447	0
LOC552592	-7851.541885	-7851.541885	0
LOC552599	-1691.354598	-1681.348145	20.0129
LOC552607	-3786.985586	-3786.985586	0
LOC552641	-5475.852857	-5475.609893	0.485928
LOC552643	-9172.133878	-9172.133878	0
LOC552654	-2660.407766	-2660.407766	0
LOC552656	-6488.422464	-6488.422464	0
LOC552658	-12947.748660	-12947.748660	0
LOC552662	-5091.448327	-5091.304581	0.287492
LOC552674	-12023.834740	-12023.834740	0
LOC552686	-2397.571699	-2397.499374	0.14465
LOC552688	-3353.988371	-3353.988371	0
LOC552696	-4998.800569	-4998.800569	0
LOC552715	-3717.092730	-3717.076638	0.032184
LOC552719	-1356.259252	-1356.259252	0
LOC552720	-2766.653425	-2766.653425	0
LOC552721	-2723.926893	-2723.926893	0
LOC552723	-6989.671699	-6989.671699	0
LOC552725	-7217.767227	-7217.767227	0
LOC552730	-1986.104960	-1985.073879	2.06216
LOC552734	-3613.920663	-3613.920663	0
LOC552745	-5320.085496	-5320.072367	0.026258
LOC552747	-8783.093493	-8783.093493	0
LOC552748	-5414.284659	-5414.210440	0.148438
LOC552756	-5465.803854	-5465.355495	0.896718
LOC552766	-5316.948265	-5316.948265	0
LOC552769	-3741.249992	-3741.249992	0
LOC552772	-1496.768914	-1496.768914	0
LOC552776	-7490.132145	-7490.132145	0
LOC552779	-1771.126819	-1771.126819	0
LOC552787	-10204.902316	-10204.902316	0
LOC552794	-14948.161104	-14948.161104	0
LOC552797	-3942.552200	-3942.438546	0.227308
LOC552802	-1568.657980	-1568.657980	0
LOC552804	-5443.312186	-5443.312186	0
LOC552807	-1729.542775	-1729.542775	0
LOC552827	-649.292971	-649.292971	0
LOC552832	-4638.995308	-4638.907456	0.175704
LOC552839			0
LOC724169	-2675.699375	-2675.504349	0.390052
LOC724170	-5172.294060	-5172.294060	0
LOC724188	-1179.836839	-1179.836839	0
LOC724215	-19321.043363	-19321.043363	0
LOC724216	-4453.132176	-4453.131780	0.000792
LOC724218	-4687.949803	-4687.943692	0.012222
LOC724239	-5512.472006	-5512.472006	0
LOC724241	-1179.790856	-1179.392412	0.796888
LOC724247	-7252.172771	-7248.265297	7.81495
LOC724256	-2897.455321	-2897.455321	0
LOC724291	-5076.180347	-5076.180347	0
LOC724292	-5271.679090	-5271.679090	0
LOC724296	-9720.514150	-9720.514150	0
LOC724303	-1623.555438	-1623.555438	0
LOC724323	-4951.761398	-4951.761398	0
LOC724339	-7431.869602	-7431.869602	0
LOC724341	-3282.201625	-3282.201625	0
LOC724343	-1741.159461	-1741.125241	0.06844
LOC724350	-2653.790198	-2653.790198	0
LOC724365	-1522.771481	-1522.771481	0
LOC724366	-1863.609781	-1863.609780	2e-06
LOC724386	-3061.700735	-3060.469384	2.4627
LOC724407	-174.987999	-174.987996	6e-06
LOC724408	-1514.739114	-1514.739114	0
LOC724423	-25721.420031	-25721.420031	0
LOC724432	-4439.445563	-4438.640630	1.60987
LOC724443	-4991.225099	-4991.223634	0.00293
LOC724486	-1578.046984	-1576.759268	2.57543
LOC724488	-3315.222166	-3315.222166	0
LOC724496	-6295.119318	-6295.119318	0
LOC724510	-13871.138844	-13871.138844	0
LOC724533	-1633.585230	-1633.585230	0
LOC724542	-9426.120375	-9426.120375	0
LOC724625	-693.014415	-693.014415	0
LOC724630	-1306.239539	-1306.239539	0
LOC724648	-2501.380828	-2501.380828	0
LOC724654	-1839.461599	-1837.681886	3.55943
LOC724656	-11826.320952	-11826.320952	0
LOC724700	-5595.352192	-5595.352192	0
LOC724703	-8121.547374	-8121.547374	0
LOC724704	-5423.795086	-5423.795086	0
LOC724710	-3301.675982	-3301.675982	0
LOC724741	-9709.901290	-9709.901290	0
LOC724742	-4390.132603	-4389.587896	1.08941
LOC724769	-1441.037036	-1441.037036	0
LOC724786	-1655.634313	-1655.634313	0
LOC724790	-3177.939583	-3177.939583	0
LOC724794	-1280.986927	-1277.528230	6.91739
LOC724798	-5214.834569	-5214.834569	0
LOC724809	-9251.963401	-9251.963401	0
LOC724827	-2954.963876	-2954.906078	0.115596
LOC724863	-8316.227862	-8316.227862	0
LOC724865	-13064.728606	-13064.728441	0.00033
LOC724885	-3010.035423	-3009.467596	1.13565
LOC724888	-1163.770834	-1163.770834	0
LOC724891	-7410.104462	-7410.097192	0.01454
LOC724896	-901.492393	-901.492393	0
LOC724926	-10593.914466	-10592.289063	3.25081
LOC724930	-8432.834497	-8432.834497	0
LOC724932	-5567.603330	-5567.603330	0
LOC724947	-3718.170977	-3718.170977	0
LOC724948	-10893.094672	-10893.094672	0
LOC724953	-2907.850235	-2907.850235	0
LOC724954	-1910.925170	-1910.925170	0
LOC725023	-5979.156928	-5979.156928	0
LOC725026	-5293.054860	-5292.812762	0.484196
LOC725044	-5836.192545	-5836.192503	8.4e-05
LOC725055	-608.245083	-608.245083	0
LOC725111	-11564.706592	-11564.540768	0.331648
LOC725142	-937.014352	-937.014352	0
LOC725143	-4412.901004	-4412.901004	0
LOC725146	-4316.153565	-4316.153565	0
LOC725149	-12536.895076	-12536.895076	0
LOC725178	-8401.370576	-8401.370576	0
LOC725184	-1250.772420	-1250.758461	0.027918
LOC725204	-4039.015824	-4038.715240	0.601168
LOC725216	-23569.174146	-23569.174146	0
LOC725238	-4056.794984	-4056.794984	0
LOC725240	-1340.768023	-1340.489175	0.557696
LOC725261	-1902.504799	-1902.504799	0
LOC725266	-1598.854837	-1598.854837	0
LOC725306	-25339.793851	-25339.793851	0
LOC725316	-1530.799700	-1530.358124	0.883152
LOC725320	-9114.959955	-9114.959955	0
LOC725325	-6959.091941	-6959.039539	0.104804
LOC725330	-6683.722609	-6683.722609	0
LOC725343	-7646.215530	-7646.215530	0
LOC725345	-1108.384026	-1108.384026	0
LOC725348	-5127.349710	-5127.349710	0
LOC725362	-3365.987331	-3365.987331	0
LOC725363	-4369.160338	-4369.160338	0
LOC725368	-5180.265253	-5180.265253	0
LOC725374	-2600.072540	-2600.072540	0
LOC725388	-8557.859135	-8557.859135	0
LOC725416	-1614.246195	-1614.246195	0
LOC725459	-3230.675875	-3230.675875	0
LOC725477	-7612.278504	-7612.278504	0
LOC725478	-2649.254338	-2649.254338	0
LOC725486	-10201.556819	-10201.556819	0
LOC725491	-2187.376181	-2187.376181	0
LOC725496	-5598.817537	-5598.817537	0
LOC725505	-3028.775391	-3028.695975	0.158832
LOC725512	-7063.286538	-7063.286538	0
LOC725529	-3797.427667	-3797.427667	0
LOC725539	-7688.400842	-7688.400842	0
LOC725551	-2735.472888	-2735.472888	0
LOC725552	-9514.352030	-9514.352030	0
LOC725566	-1883.562417	-1879.087408	8.95002
LOC725569	-4842.270697	-4842.270697	0
LOC725571	-5648.507227	-5648.507227	0
LOC725572	-1223.159369	-1223.159369	0
LOC725576	-8933.929515	-8933.929515	0
LOC725603	-2562.603487	-2562.603487	0
LOC725609	-851.478839	-851.478839	0
LOC725611	-20468.916664	-20468.916664	0
LOC725612	-13449.230312	-13449.230312	0
LOC725628	-3089.802500	-3089.802500	0
LOC725633	-1648.609637	-1648.609637	0
LOC725641	-1089.461614	-1089.461614	0
LOC725661	-7091.641607	-7091.023862	1.23549
LOC725686	-929.313208	-929.313208	0
LOC725688	-2401.477986	-2399.972897	3.01018
LOC725690	-4186.876583	-4186.638736	0.475694
LOC725701	-7080.600800	-7080.600800	0
LOC725705	-1294.908540	-1294.908540	0
LOC725719	-14070.280210	-14070.280210	0
LOC725744	-2704.506164	-2703.650714	1.7109
LOC725753	-3528.890173	-3528.890173	0
LOC725756	-6754.495524	-6754.495524	0
LOC725770	-9183.408364	-9183.408364	0
LOC725780	-4298.983346	-4298.983346	0
LOC725801	-4890.681726	-4890.681726	0
LOC725835	-1358.767738	-1358.767738	0
LOC725856	-1569.503077	-1569.503077	0
LOC725880	-784.867810	-784.867810	0
LOC725881	-3504.900803	-3503.395692	3.01022
LOC725896	-6157.514086	-6157.514086	0
LOC725899	-5332.954632	-5332.786683	0.335898
LOC725922	-7224.730461	-7224.342583	0.775756
LOC725942	-1797.023766	-1797.023766	0
LOC725947	-697.807639	-697.807638	2e-06
LOC726002	-14681.858713	-14681.858713	0
LOC726015	-3664.834253	-3664.834253	0
LOC726030	-9866.955179	-9866.955179	0
LOC726040	-12603.616410	-12603.616410	0
LOC726061	-1378.259424	-1378.259424	0
LOC726095	-4071.046304	-4070.989068	0.114472
LOC726102	-7505.729544	-7505.729544	0
LOC726118	-1703.621989	-1703.621989	0
LOC726131	-1224.592760	-1224.592760	0
LOC726163	-2998.595898	-2998.553165	0.085466
LOC726164	-2472.286735	-2472.286735	0
LOC726167	-3196.727392	-3194.952132	3.55052
LOC726172	-4145.804363	-4145.709786	0.189154
LOC726187	-9025.707467	-9025.707467	0
LOC726197	-2042.178181	-2042.178181	0
LOC726205	-3185.110041	-3184.924110	0.371862
LOC726212	-8575.121965	-8575.121965	0
LOC726221	-1609.353990	-1609.353990	0
LOC726227	-6971.862647	-6971.862647	0
LOC726237	-3814.349961	-3814.349961	0
LOC726239	-3951.414703	-3951.414703	0
LOC726240	-1810.918546	-1810.918546	0
LOC726253	-2813.190800	-2813.190800	0
LOC726255	-5100.106204	-5100.106204	0
LOC726289	-2508.560862	-2508.560862	0
LOC726302	-2532.982034	-2532.982034	0
LOC726303	-3608.329093	-3608.003140	0.651906
LOC726310	-12842.979458	-12842.979458	0
LOC726315	-7365.182961	-7365.182961	0
LOC726352	-3606.526857	-3604.499795	4.05412
LOC726380	-4378.279002	-4378.279002	0
LOC726389	-5695.751025	-5695.751025	0
LOC726409	-1904.633285	-1904.633285	0
LOC726414	-11945.433247	-11945.433247	0
LOC726418	-6033.773012	-6033.773012	0
LOC726428	-2638.839176	-2638.738938	0.200476
LOC726497	-27789.377404	-27789.377404	0
LOC726498	-1534.771588	-1534.629280	0.284616
LOC726500	-1419.069647	-1419.069647	0
LOC726540	-15833.361194	-15833.361194	0
LOC726562	-8075.893728	-8075.893728	0
LOC726579	-8540.476613	-8540.476613	0
LOC726583	-10062.411365	-10062.411365	0
LOC726609	-1844.782869	-1844.782869	0
LOC726626	-2250.368558	-2250.128956	0.479204
LOC726637	-9590.759418	-9590.759418	0
LOC726666	-916.889857	-916.889857	0
LOC726720	-1797.262020	-1797.001163	0.521714
LOC726721	-686.181886	-686.181886	0
LOC726742	-13843.312323	-13843.312323	0
LOC726747	-1756.842451	-1755.926659	1.83158
LOC726754	-4804.859187	-4804.597395	0.523584
LOC726760	-8974.400954	-8973.510084	1.78174
LOC726800	-4908.715122	-4908.715122	0
LOC726811	-4440.998496	-4440.998496	0
LOC726812	-6189.761686	-6189.761686	0
LOC726822	-2817.509751	-2817.509751	0
LOC726826	-5685.708290	-5685.705148	0.006284
LOC726850	-1877.779702	-1877.779702	0
LOC726869	-7608.541766	-7608.541766	0
LOC726872	-2532.485562	-2532.485562	0
LOC726887	-3260.903858	-3260.903858	0
LOC726890	-4038.461133	-4038.461133	0
LOC726923	-1197.011043	-1196.983053	0.05598
LOC726928	-12026.149736	-12025.820541	0.65839
LOC726947	-7490.122281	-7490.087465	0.069632
LOC726958	-2624.814309	-2624.814309	0
LOC726983	-7616.310248	-7616.310248	0
LOC726999	-3881.144842	-3881.144842	0
LOC727004	-2398.695467	-2398.694120	0.002694
LOC727009	-9836.662269	-9836.660703	0.003132
LOC727022	-8907.445971	-8907.445971	0
LOC727025	-589.044256	-589.044256	0
LOC727027	-8362.916524	-8362.916524	0
LOC727048	-3673.626193	-3673.307573	0.63724
LOC727116	-2539.729691	-2539.729691	0
LOC727122	-1120.067851	-1119.856868	0.421966
LOC727146	-10197.693368	-10197.693368	0
LOC727186	-1443.893569	-1443.893569	0
LOC727229	-9288.003053	-9288.003053	0
LOC727237	-6714.753403	-6714.753403	0
LOC727238	-25789.662023	-25789.662023	0
LOC727299	-5622.785301	-5622.785301	0
LOC727303	-5353.093046	-5352.611961	0.96217
LOC727320	-7656.448617	-7656.448617	0
LOC727378	-934.450563	-934.450563	0
LOC727396	-14784.423994	-14784.423994	0
LOC727420	-4407.125805	-4407.125805	0
LOC727456	-281.270200	-281.270200	0
LOC727495	-11490.722159	-11490.722159	0
LOC727539	-3920.209148	-3920.208984	0.000328
LOC727582	-4871.266987	-4871.266987	0
LOC727622	-5664.865415	-5664.865415	0
LOC727634	-5934.372611	-5923.528710	21.6878
LOC727652	-17789.009221	-17789.009221	0
NOS	-14237.863618	-14237.863618	0
PGRP-S3	-2051.794952	-2051.794952	0
Ppib	-2070.632303	-2070.632303	0
PPO	-8214.529810	-8214.529810	0
Pten	-1745.597595	-1745.429471	0.336248
Rnft2	-6016.819021	-6016.819021	0
RpL35	-1631.643467	-1631.643467	0
Smb	-1754.295330	-1754.295329	2e-06
Snf	-2314.796268	-2314.796268	0
STT3B	-7328.730581	-7328.730581	0
Tpi	-2707.033438	-2707.033438	0
Tspan6	-4802.835120	-4801.841467	1.98731
Usp	-4581.999914	-4581.947251	0.105326
Vg	-42684.750335	-42684.750335	0
Vha16	-1295.380714	-1295.026300	0.708828
