Gene	lnL_Null	lnL_Alt	LRT
LOC102654146	-4547.416466	-4545.419084	3.99476
LOC411083	-11680.891123	-11676.858751	8.06474
LOC411457	-5571.483044	-5571.435859	0.09437
LOC411796	-5311.928333	-5311.861942	0.132782
LOC551837	-12231.478608	-12225.586412	11.7844
LOC551931	-3245.582220	-3245.582220	0
LOC726476	-4810.374166	-4810.374166	0
Arp1	-3662.147838	-3662.147838	0
B-gluc1	-8572.483599	-8571.520497	1.9262
Cox6c	-1482.572223	-1479.997163	5.15012
CPR14	-1851.097749	-1850.532664	1.13017
CPR19	-3269.799921	-3269.799921	0
CSP6	-1980.492021	-1980.492021	0
CytC	-1423.408358	-1423.408358	0
Dcr-1	-17138.572718	-17138.456611	0.232214
Dl	-10515.624752	-10515.624752	0
Dnmt3	-9957.608977	-9957.608977	0
Ecr	-4686.937936	-4686.937930	1.2e-05
egh	-5750.956335	-5750.915936	0.080798
FAR1	-7148.074170	-7148.074170	0
Gat-1B	-7489.329107	-7489.329107	0
Gat-a	-7591.100997	-7591.100997	0
Gfat2	-9215.081440	-9215.081440	0
GlnS	-5417.114674	-5413.234959	7.75943
GstD1	-4396.515605	-4393.618612	5.79399
GstS4	-3263.845104	-3263.845104	0
Imd	-4526.874266	-4526.874266	0
Jtb	-8380.551788	-8380.551788	0
KAT2A	-9558.712554	-9558.712554	0
LOC100379261	-6102.187588	-6102.187588	0
LOC100576099	-2083.115123	-2083.008263	0.21372
LOC100576186	-7579.084802	-7579.084802	0
LOC100576195	-1541.557451	-1538.329405	6.45609
LOC100576337	-3442.807684	-3441.796611	2.02215
LOC100576383	-6944.478125	-6942.570147	3.81596
LOC100576411	-9064.980305	-9064.980305	0
LOC100576527	-8836.109971	-8836.109971	0
LOC100576646	-3360.032200	-3357.029902	6.0046
LOC100576649	-8763.231917	-8760.531295	5.40124
LOC100576660	-9030.221725	-9029.468769	1.50591
LOC100576742	-15607.447386	-15605.014950	4.86487
LOC100576795	-3885.439726	-3884.245108	2.38924
LOC100576801	-3753.661082	-3753.661082	0
LOC100576818	-4880.042902	-4878.982032	2.12174
LOC100576819	-7686.749189	-7686.179394	1.13959
LOC100576826	-3583.492090	-3583.492090	0
LOC100576862	-6288.516521	-6280.938034	15.157
LOC100577002	-8142.517509	-8141.904688	1.22564
LOC100577019	-487.818240	-487.818240	0
LOC100577050	-8149.520855	-8149.143297	0.755116
LOC100577053	-9031.405834	-9031.346621	0.118426
LOC100577136	-5988.585376	-5983.533882	10.103
LOC100577140	-8781.419936	-8778.642620	5.55463
LOC100577174	-18804.416460	-18803.002987	2.82695
LOC100577196	-9773.442248	-9773.367175	0.150146
LOC100577401	-16688.184009	-16681.432268	13.5035
LOC100577423	-5055.062900	-5051.454737	7.21633
LOC100577481	-7684.166010	-7684.166010	0
LOC100577493	-9552.689178	-9552.564282	0.249792
LOC100577519			0
LOC100577687	-7342.304777	-7340.869080	2.87139
LOC100577690	-2327.302568	-2327.302568	0
LOC100577763	-37579.569362	-37573.938823	11.2611
LOC100577764	-1764.594010	-1764.594010	0
LOC100577841	-4281.848776	-4277.805702	8.08615
LOC100577870	-1455.706144	-1455.706144	0
LOC100577972	-67390.479417	-67384.879325	11.2002
LOC100578030	-5502.574184	-5499.863699	5.42097
LOC100578035	-3697.346076	-3697.346076	0
LOC100578071	-27466.191059	-27464.352460	3.6772
LOC100578156	-4120.695014	-4120.695014	0
LOC100578168	-2228.421622	-2228.421622	0
LOC100578209	-4743.268746	-4743.268746	0
LOC100578215	-6355.517701	-6354.030264	2.97487
LOC100578235	-1919.028808	-1919.028768	8e-05
LOC100578255	-23337.019483	-23337.019483	0
LOC100578277	-1115.865449	-1115.865449	0
LOC100578329	-9291.650631	-9291.368571	0.56412
LOC100578356	-19591.017749	-19588.524017	4.98746
LOC100578380	-2966.578305	-2966.578299	1.2e-05
LOC100578433	-22943.871008	-22943.871008	0
LOC100578450	-11515.890749	-11515.890749	0
LOC100578537	-11222.083260	-11222.083260	0
LOC100578560	-1645.800149	-1640.464717	10.6709
LOC100578586	-10979.025237	-10977.309999	3.43048
LOC100578697	-2798.850758	-2798.850758	0
LOC100578725	-1133.930588	-1133.489589	0.881998
LOC100578875	-4993.945276	-4993.239408	1.41174
LOC100578893	-11052.136215	-11051.195744	1.88094
LOC102653793	-5575.379849	-5573.162938	4.43382
LOC102653879	-4449.317165	-4449.308701	0.016928
LOC102653930	-1477.985645	-1477.985645	0
LOC102653951	-1985.255011	-1985.159023	0.191976
LOC102654014	-3590.638957	-3590.485323	0.307268
LOC102654165	-4722.677037	-4722.677037	0
LOC102654312	-5274.407078	-5272.370718	4.07272
LOC102654349	-958.480352	-958.360821	0.239062
LOC102654365	-8185.644827	-8184.930904	1.42785
LOC102654610	-3853.213676	-3851.937762	2.55183
LOC102654621	-6697.318513	-6694.388193	5.86064
LOC102654987	-2046.651601	-2046.651601	0
LOC102655219	-4876.903018	-4875.366009	3.07402
LOC102655244	-9660.250686	-9660.146510	0.208352
LOC102655259	-9876.895068	-9876.245594	1.29895
LOC102655470	-551.877892	-551.877892	0
LOC102655679	-3353.133872	-3353.133872	0
LOC102655688	-7851.138693	-7850.458023	1.36134
LOC102655836	-6359.465292	-6359.441581	0.047422
LOC102655877	-4944.480634	-4944.316897	0.327474
LOC102655904	-1683.673252	-1683.673251	2e-06
LOC102655948	-4157.289868	-4157.270651	0.038434
LOC102656183	-1838.897479	-1838.863152	0.068654
LOC102656263	-2859.560785	-2859.560785	0
LOC102656287	-1672.372924	-1672.372924	0
LOC107963993	-5521.946554	-5521.481670	0.929768
LOC107964089	-2767.673022	-2763.429232	8.48758
LOC107964507	-1443.374853	-1443.281664	0.186378
LOC107965021	-1491.637550	-1491.637550	0
LOC107965199	-9222.205353	-9219.286702	5.8373
LOC107965225	-2528.344209	-2528.301335	0.085748
LOC107965250	-5534.594957	-5534.489926	0.210062
LOC107965266	-6704.454894	-6704.388219	0.13335
LOC107965508	-3971.102968	-3971.102968	0
LOC107965749	-5552.023337	-5552.023337	0
LOC107965828	-3755.238980	-3755.238980	0
LOC113218526	-11246.567405	-11246.567405	0
LOC113218534	-4990.537071	-4990.476203	0.121736
LOC113218670	-2778.927254	-2777.194360	3.46579
LOC406097	-8151.476950	-8144.436974	14.08
LOC406114	-9785.680660	-9784.603068	2.15518
LOC408271	-6691.074071	-6691.074071	0
LOC408286	-12230.505696	-12229.059478	2.89244
LOC408303	-5194.287425	-5194.287425	0
LOC408312	-7850.202405	-7850.202405	0
LOC408355	-5887.085703	-5886.692602	0.786202
LOC408358	-19066.487518	-19061.521496	9.93204
LOC408369	-3172.493190	-3172.334221	0.317938
LOC408391	-4453.430075	-4453.430063	2.4e-05
LOC408402	-7157.179739	-7154.591691	5.1761
LOC408421	-9025.272727	-9025.272727	0
LOC408426	-3242.978543	-3240.905756	4.14557
LOC408426	-3242.978543	-3240.905756	4.14557
LOC408434	-5856.884851	-5856.884851	0
LOC408438	-14424.938326	-14424.938326	0
LOC408458	-13000.836896	-13000.836896	0
LOC408461	-3731.207750	-3731.207750	0
LOC408474	-9902.789007	-9901.625019	2.32798
LOC408501	-15061.955298	-15061.016032	1.87853
LOC408511	-3733.205464	-3733.085642	0.239644
LOC408520	-3362.198793	-3362.198793	0
LOC408533	-16631.157033	-16629.316545	3.68098
LOC408573	-2867.658109	-2867.658109	0
LOC408575	-4878.440566	-4878.041890	0.797352
LOC408592	-6449.645667	-6449.645667	0
LOC408597	-4361.034050	-4359.279535	3.50903
LOC408649	-7009.851912	-7009.851912	0
LOC408661	-9170.383111	-9165.142199	10.4818
LOC408668	-11328.435995	-11324.799188	7.27361
LOC408687	-3725.153003	-3725.153003	0
LOC408717	-3369.181495	-3368.689864	0.983262
LOC408741	-4274.365051	-4274.365051	0
LOC408742	-8631.943344	-8631.943344	0
LOC408748	-2007.504812	-2007.504812	0
LOC408766	-2711.239593	-2711.239593	0
LOC408774	-41884.236617	-41884.236612	1e-05
LOC408785	-3382.557617	-3382.551801	0.011632
LOC408791	-15395.858862	-15394.520321	2.67708
LOC408793	-11758.254052	-11758.254052	0
LOC408804	-12014.038613	-12014.038613	0
LOC408808	-14416.650151	-14416.090569	1.11916
LOC408808	-14416.650151	-14416.090569	1.11916
LOC408815	-18477.305375	-18474.842656	4.92544
LOC408819	-2244.097422	-2244.097422	0
LOC408827	-3216.265688	-3216.265688	0
LOC408833	-3062.368225	-3062.368225	0
LOC408834	-4232.171697	-4232.171697	0
LOC408851	-1543.521472	-1543.521472	0
LOC408871	-5894.262655	-5894.221318	0.082674
LOC408892	-5273.803281	-5273.655341	0.29588
LOC408906	-7500.557315	-7500.557315	0
LOC408924	-6091.417139	-6091.417139	0
LOC408925	-9686.815403	-9686.593414	0.443978
LOC408955	-6711.076554	-6710.841997	0.469114
LOC408971	-2077.631730	-2077.631730	0
LOC408979	-5547.146521	-5543.913037	6.46697
LOC408989	-9923.018057	-9921.755913	2.52429
LOC409004	-1718.929344	-1718.929344	0
LOC409023	-5134.326043	-5134.326043	0
LOC409026	-3227.021027	-3227.021027	0
LOC409032	-11853.468323	-11851.674138	3.58837
LOC409036	-1422.459910	-1422.459910	0
LOC409036	-1422.459910	-1422.459910	0
LOC409041	-3908.980493	-3908.980493	0
LOC409055	-4804.730222	-4804.730222	0
LOC409068	-4632.811942	-4632.041397	1.54109
LOC409098	-13353.703815	-13352.984592	1.43845
LOC409103	-4365.719702	-4365.719702	0
LOC409125	-17263.863740	-17263.863740	0
LOC409157	-7989.121835	-7987.374942	3.49379
LOC409165	-5614.681229	-5614.681229	0
LOC409179	-5781.959504	-5777.149353	9.6203
LOC409180	-6525.073053	-6522.077669	5.99077
LOC409189	-5526.695634	-5526.423520	0.544228
LOC409196	-7725.820765	-7725.820765	0
LOC409201	-1896.510143	-1896.510143	0
LOC409203	-8524.101884	-8524.085070	0.033628
LOC409226	-7896.607922	-7896.607922	0
LOC409245	-4573.401677	-4573.073655	0.656044
LOC409249	-13674.583670	-13670.241892	8.68356
LOC409260	-6636.867997	-6636.861680	0.012634
LOC409263	-3943.980424	-3943.969889	0.02107
LOC409265	-7543.134628	-7543.134628	0
LOC409270	-5555.566643	-5555.566643	0
LOC409271	-24423.918476	-24423.815858	0.205236
LOC409286	-3555.284784	-3555.284784	0
LOC409292	-4088.887787	-4088.887787	0
LOC409308	-763.917338	-763.917338	0
LOC409320	-3031.763668	-3031.763668	0
LOC409329	-3775.529978	-3775.529978	0
LOC409334	-9977.002217	-9976.920727	0.16298
LOC409336	-3568.234997	-3568.234997	0
LOC409341	-5694.080365	-5690.713639	6.73345
LOC409361	-2637.587014	-2636.732546	1.70894
LOC409365	-14235.734361	-14235.443709	0.581304
LOC409373	-3673.678207	-3673.678207	0
LOC409377	-7366.958655	-7366.958655	0
LOC409386	-1132.587832	-1132.587832	0
LOC409388	-3110.711909	-3110.711909	0
LOC409393	-26689.022227	-26688.628498	0.787458
LOC409410	-5480.957684	-5479.223994	3.46738
LOC409411	-3634.635429	-3634.635429	0
LOC409425	-11363.159701	-11363.159701	0
LOC409427	-4580.324981	-4580.324981	0
LOC409441	-4701.489766	-4700.574882	1.82977
LOC409465	-75.416071	-75.416071	0
LOC409488	-3499.927685	-3492.940962	13.9734
LOC409491	-4487.003438	-4482.580968	8.84494
LOC409495	-4292.525716	-4292.055237	0.940958
LOC409499	-4250.460048	-4250.460048	0
LOC409511	-3874.460535	-3873.663657	1.59376
LOC409520	-2975.041580	-2974.897014	0.289132
LOC409523	-3504.000336	-3504.000336	0
LOC409529	-1982.098259	-1982.098259	0
LOC409529	-1982.098259	-1982.098259	0
LOC409538	-1995.533987	-1995.419356	0.229262
LOC409559	-6152.426165	-6151.440810	1.97071
LOC409586	-2954.634268	-2954.189576	0.889384
LOC409607	-3253.800576	-3253.800576	0
LOC409633	-3130.113417	-3130.113417	0
LOC409643	-4873.153216	-4873.153216	0
LOC409662	-3267.073635	-3267.073635	0
LOC409667	-1189.971738	-1189.971738	0
LOC409670	-8493.708002	-8493.648867	0.11827
LOC409673	-31279.464378	-31279.464378	0
LOC409689	-6429.902769	-6429.809141	0.187256
LOC409704	-6899.911781	-6899.911781	0
LOC409724	-7595.125227	-7595.125227	0
LOC409726	-7547.879019	-7547.879019	0
LOC409736	-5981.152386	-5981.152386	0
LOC409740	-3626.298516	-3626.091285	0.414462
LOC409749	-1615.791943	-1615.791943	0
LOC409762	-2220.877690	-2220.877690	0
LOC409769	-5938.409640	-5937.757988	1.3033
LOC409791	-3376.900492	-3376.900491	2e-06
LOC409795	-13935.916956	-13935.916956	0
LOC409814	-9404.495276	-9404.400797	0.188958
LOC409833	-5599.842943	-5599.842943	0
LOC409838	-8521.571111	-8521.542220	0.057782
LOC409852	-6703.235178	-6703.235178	0
LOC409857	-1348.936328	-1348.936328	0
LOC409860	-7696.627023	-7695.537537	2.17897
LOC409863	-2787.484822	-2784.737624	5.4944
LOC409900	-2511.296806	-2511.296806	0
LOC409905	-7205.158264	-7205.158264	0
LOC409909	-4062.161600	-4062.161600	0
LOC409910	-1749.491224	-1749.489925	0.002598
LOC409911	-6223.501677	-6223.501677	0
LOC409920	-1198.586629	-1198.586629	0
LOC409924	-5834.668173	-5834.668173	0
LOC409925	-1961.403495	-1961.403496	-2e-06
LOC409928	-9812.401307	-9811.493303	1.81601
LOC409930	-2420.544122	-2420.544122	0
LOC409941	-10078.067389	-10077.914466	0.305846
LOC409945	-6608.306856	-6608.305004	0.003704
LOC409976	-3428.785737	-3421.858260	13.855
LOC410039	-5382.771767	-5382.771767	0
LOC410055	-3524.498809	-3524.498809	0
LOC410059	-5606.508456	-5606.362683	0.291546
LOC410087	-3984.580848	-3983.903047	1.3556
LOC410091	-4573.569455	-4573.569455	0
LOC410097	-17934.157942	-17930.378328	7.55923
LOC410105	-6456.823005	-6456.226862	1.19229
LOC410107	-8859.367244	-8859.367244	0
LOC410118	-6281.930925	-6281.426645	1.00856
LOC410155	-4.813935	-4.813935	0
LOC410157	-1649.285728	-1649.285728	0
LOC410159	-16597.047616	-16596.706960	0.681312
LOC410172	-5755.311026	-5755.311026	0
LOC410183	-19188.570116	-19185.574796	5.99064
LOC410241	-1791.679326	-1791.679326	0
LOC410257	-4612.750246	-4612.721045	0.058402
LOC410270	-7510.039287	-7509.411442	1.25569
LOC410283	-3340.137511	-3340.137510	2e-06
LOC410286	-10662.050296	-10661.027544	2.0455
LOC410289	-10183.338389	-10182.018353	2.64007
LOC410337	-11365.956299	-11364.339805	3.23299
LOC410338	-4585.993456	-4585.977283	0.032346
LOC410371	-12235.318930	-12235.318930	0
LOC410376	-3836.988904	-3836.988904	0
LOC410379	-11933.124175	-11933.124175	0
LOC410383	-7112.772343	-7112.772343	0
LOC410395	-1770.480524	-1770.470762	0.019524
LOC410414	-11960.456856	-11960.456856	0
LOC410420	-3315.362311	-3315.362311	0
LOC410451	-8134.182148	-8133.067161	2.22997
LOC410456	-4976.477469	-4976.162095	0.630748
LOC410470	-5494.583459	-5494.583459	0
LOC410484	-10046.815159	-10044.052281	5.52576
LOC410485	-11483.921293	-11483.921292	2e-06
LOC410510	-11042.918651	-11042.486610	0.864082
LOC410512	-4897.458301	-4896.130693	2.65522
LOC410525	-1716.814879	-1716.814879	0
LOC410538	-10300.772856	-10300.450751	0.64421
LOC410542	-6071.288941	-6071.288936	1e-05
LOC410550	-8431.716568	-8429.605058	4.22302
LOC410561	-2759.297689	-2759.187786	0.219806
LOC410571	-16250.077547	-16245.589017	8.97706
LOC410575	-3906.960914	-3906.832689	0.25645
LOC410577	-2902.904193	-2902.904193	0
LOC410583	-6362.406482	-6362.241988	0.328988
LOC410585	-21861.430930	-21856.316947	10.228
LOC410618	-5971.277556	-5971.277555	2e-06
LOC410630	-14545.127531	-14544.177505	1.90005
LOC410636	-1938.253706	-1935.936731	4.63395
LOC410663	-1725.296132	-1723.681095	3.23007
LOC410664	-9272.795302	-9272.191675	1.20725
LOC410719	-5100.276226	-5099.575094	1.40226
LOC410732	-5476.569201	-5476.323006	0.49239
LOC410811	-9057.470425	-9057.470425	0
LOC410812	-2065.516366	-2065.516366	0
LOC410821	-3499.154889	-3499.154889	0
LOC410837	-2914.401936	-2914.401936	0
LOC410860	-3839.074204	-3839.074204	0
LOC410879	-6015.900312	-6015.767592	0.26544
LOC410907	-5265.486884	-5265.116422	0.740924
LOC410911	-5911.134387	-5911.134387	0
LOC410938	-6620.354236	-6620.352767	0.002938
LOC410940	-19511.077621	-19510.010723	2.1338
LOC410943	-3823.312985	-3823.312985	0
LOC410952	-4534.047949	-4532.812190	2.47152
LOC410969	-2271.352376	-2271.352376	0
LOC410973	-1734.051655	-1734.051655	0
LOC410985	-3802.884876	-3802.884876	0
LOC411043	-7233.595094	-7233.595094	0
LOC411048	-2873.924655	-2873.923174	0.002962
LOC411054	-6097.479464	-6096.746495	1.46594
LOC411070	-14448.666958	-14447.055121	3.22367
LOC411088	-2119.727751	-2119.727751	0
LOC411100	-4162.751842	-4160.412769	4.67815
LOC411115	-41787.645048	-41784.062540	7.16502
LOC411147	-9623.877938	-9623.877938	0
LOC411148	-6837.284856	-6837.284856	0
LOC411163	-6437.392101	-6436.535530	1.71314
LOC411164	-5705.477151	-5705.477151	0
LOC411167	-7824.950529	-7824.157036	1.58699
LOC411188	-5933.235263	-5930.912629	4.64527
LOC411191	-2118.408292	-2118.408292	0
LOC411214	-4467.245800	-4467.149076	0.193448
LOC411233	-10187.326431	-10187.326431	0
LOC411249	-13788.141015	-13784.583166	7.1157
LOC411260	-1234.304631	-1234.304631	0
LOC411261	-10245.674972	-10245.284082	0.78178
LOC411270	-9294.906541	-9294.906541	0
LOC411270	-9294.906541	-9294.906541	0
LOC411288	-4610.468515	-4610.468515	0
LOC411295	-2905.911082	-2905.846216	0.129732
LOC411306	-4869.251677	-4869.251677	0
LOC411335	-2943.320288	-2943.320288	0
LOC411347	-2004.509332	-2004.509332	0
LOC411365	-3112.255419	-3112.255419	0
LOC411391	-3575.872703	-3575.872703	0
LOC411404	-5962.635078	-5962.635078	0
LOC411408	-2551.145037	-2551.145037	0
LOC411447	-7535.364507	-7534.717186	1.29464
LOC411458	-6777.767783	-6777.767781	4e-06
LOC411473	-8588.902910	-8588.658063	0.489694
LOC411474	-21677.680864	-21671.749557	11.8626
LOC411490	-7371.636471	-7371.568539	0.135864
LOC411509	-4232.995460	-4232.791996	0.406928
LOC411510	-4697.881120	-4697.825268	0.111704
LOC411519	-5563.088004	-5562.834976	0.506056
LOC411524	-2759.080413	-2759.080413	0
LOC411540	-8583.527710	-8583.527710	0
LOC411545	-11273.081368	-11270.579315	5.00411
LOC411552	-4243.071255	-4243.071255	0
LOC411564	-14040.869608	-14038.920581	3.89805
LOC411566	-14218.741286	-14218.741286	0
LOC411633	-4616.615283	-4616.615283	0
LOC411639	-48661.236331	-48658.666920	5.13882
LOC411654	-4248.369841	-4248.369841	0
LOC411665	-3358.369086	-3358.369086	0
LOC411698	-4873.313050	-4873.028318	0.569464
LOC411699	-12850.748802	-12848.372791	4.75202
LOC411719	-5304.536991	-5303.852801	1.36838
LOC411722	-4597.228471	-4595.310940	3.83506
LOC411724	-14210.315529	-14210.315529	0
LOC411730	-11622.833286	-11622.692885	0.280802
LOC411731	-10041.535959	-10041.535959	0
LOC411732	-2912.627611	-2912.627611	0
LOC411789	-2794.028035	-2794.020347	0.015376
LOC411794	-6350.083316	-6350.083315	2e-06
LOC411799	-7239.562623	-7239.562623	0
LOC411839	-6516.426356	-6515.764281	1.32415
LOC411856	-3805.530375	-3805.342635	0.37548
LOC411875	-6720.903587	-6720.903587	0
LOC411892	-4104.710282	-4104.710282	0
LOC411904	-10910.579623	-10910.579623	0
LOC411906	-13909.607687	-13909.607687	0
LOC411915	-4488.252145	-4488.252145	0
LOC411923	-13352.936470	-13350.646654	4.57963
LOC411972	-5823.174311	-5823.174311	0
LOC411980	-7731.620556	-7731.620556	0
LOC411982	-3174.159330	-3174.159330	0
LOC411985	-16613.409493	-16613.409102	0.000782
LOC412003	-9398.771204	-9398.771204	0
LOC412005	-4702.788346	-4702.788346	0
LOC412018	-8722.307829	-8721.271760	2.07214
LOC412024	-3838.025225	-3836.902984	2.24448
LOC412025	-9401.001622	-9401.001622	0
LOC412027	-5537.624564	-5531.762899	11.7233
LOC412030	-1638.084562	-1638.084562	0
LOC412046	-22705.262824	-22705.262824	0
LOC412064	-2906.700604	-2906.700604	0
LOC412069	-6738.680251	-6736.823503	3.7135
LOC412082	-3645.997358	-3645.997358	0
LOC412097	-12661.041144	-12659.017640	4.04701
LOC412115	-11938.518024	-11938.518024	0
LOC412148	-2795.732312	-2795.732312	0
LOC412150	-11135.806822	-11135.772309	0.069026
LOC412167	-11468.815734	-11463.623695	10.3841
LOC412177	-7315.448810	-7315.448810	0
LOC412195	-6473.312933	-6472.198694	2.22848
LOC412198	-22084.232229	-22083.477590	1.50928
LOC412200	-9276.990642	-9276.990642	0
LOC412232	-4360.000772	-4359.837057	0.32743
LOC412235	-4100.875350	-4100.875350	0
LOC412245	-6787.856967	-6787.856967	0
LOC412247	-4527.746404	-4527.120041	1.25273
LOC412263	-13184.901843	-13184.161589	1.48051
LOC412276	-3723.895128	-3722.095912	3.59843
LOC412277	-5281.897205	-5281.897205	0
LOC412278	-20100.393883	-20100.393883	0
LOC412282	-16559.232183	-16556.427027	5.61031
LOC412287	-6899.665811	-6899.665811	0
LOC412294	-4672.585243	-4667.487406	10.1957
LOC412303	-3568.591360	-3568.591360	0
LOC412332	-15631.966773	-15631.866988	0.19957
LOC412339	-3671.769024	-3671.769024	0
LOC412348	-2783.980460	-2783.980460	0
LOC412366	-4186.232442	-4185.654158	1.15657
LOC412378	-3228.792681	-3228.792681	0
LOC412410	-7217.597729	-7217.574318	0.046822
LOC412422	-20052.522824	-20052.167488	0.710672
LOC412423	-5522.454440	-5522.454440	0
LOC412467	-7132.721712	-7132.671252	0.10092
LOC412470	-6924.765318	-6924.765318	0
LOC412526	-4473.797265	-4473.763824	0.066882
LOC412540	-6666.188930	-6666.188930	0
LOC412547	-1364.990916	-1364.990916	0
LOC412554	-3051.435638	-3051.435638	0
LOC412563	-6246.373832	-6246.063618	0.620428
LOC412573	-6803.605034	-6803.579114	0.05184
LOC412578	-2034.136583	-2034.136583	0
LOC412580	-7029.749038	-7029.050941	1.39619
LOC412598	-4696.854897	-4696.854897	0
LOC412612	-5357.373629	-5357.276796	0.193666
LOC412619	-5596.858406	-5596.858406	0
LOC412623	-13045.412349	-13044.523328	1.77804
LOC412624	-9646.243274	-9645.972120	0.542308
LOC412647	-4441.901554	-4441.901554	0
LOC412670	-6010.711486	-6008.987540	3.44789
LOC412675	-5426.595424	-5426.595424	0
LOC412687	-5091.554196	-5091.554196	0
LOC412690	-4618.371165	-4618.371165	0
LOC412750	-12141.811367	-12140.113094	3.39655
LOC412762	-4392.186130	-4392.186130	0
LOC412810	-13660.920075	-13660.920075	0
LOC412816	-3364.622389	-3364.622389	0
LOC412851	-4284.115071	-4284.115005	0.000132
LOC412870	-1229.291020	-1229.291020	0
LOC412878	-21373.747071	-21370.513253	6.46764
LOC412889	-5901.702963	-5901.702963	0
LOC412931	-6698.612241	-6696.027292	5.1699
LOC412933	-4706.606701	-4706.606701	0
LOC412950	-9968.300174	-9967.283770	2.03281
LOC412956	-5086.250252	-5086.250252	0
LOC413006	-3937.283940	-3937.283940	0
LOC413011	-6542.495809	-6542.495383	0.000852
LOC413030	-3243.880935	-3243.880935	0
LOC413032	-10858.797190	-10858.436006	0.722368
LOC413065	-3369.037171	-3368.667422	0.739498
LOC413074	-15811.478367	-15810.090235	2.77626
LOC413087	-9265.914013	-9265.914013	0
LOC413101	-5153.769809	-5153.769809	0
LOC413106	-8422.064346	-8419.985186	4.15832
LOC413110	-2353.584922	-2350.879202	5.41144
LOC413119	-9907.905853	-9907.062974	1.68576
LOC413126	-7983.677127	-7983.677127	0
LOC413133	-4612.215408	-4612.215408	0
LOC413153	-6825.202158	-6825.202157	2e-06
LOC413179	-2625.108138	-2625.108138	0
LOC413194	-6041.212629	-6034.921865	12.5815
LOC413196	-3033.128844	-3033.128844	0
LOC413208	-7428.103709	-7423.023071	10.1613
LOC413228	-7183.606047	-7182.678686	1.85472
LOC413233	-9524.736870	-9518.896656	11.6804
LOC413240	-2590.129582	-2590.129582	0
LOC413242	-9242.165572	-9242.165572	0
LOC413246	-1774.950857	-1774.950857	0
LOC413250	-8335.367829	-8335.367829	0
LOC413271	-6058.639981	-6058.639981	0
LOC413275	-3469.958591	-3469.128696	1.65979
LOC413297	-3440.755141	-3440.755141	0
LOC413305	-8380.629415	-8376.841727	7.57538
LOC413365	-4213.459076	-4213.459076	0
LOC413383	-3995.411893	-3995.061723	0.70034
LOC413389	-7716.303300	-7716.303300	0
LOC413394	-2011.849152	-2011.849152	0
LOC413411	-8656.878732	-8656.878732	0
LOC413430	-5807.281444	-5807.281444	0
LOC413489	-6379.038997	-6379.038997	0
LOC413495	-3062.591673	-3062.591673	0
LOC413510	-16203.522548	-16203.522548	0
LOC413520	-3290.549859	-3290.549850	1.8e-05
LOC413529	-6611.025139	-6611.025139	0
LOC413534	-5882.864437	-5881.638232	2.45241
LOC413542	-14151.087459	-14151.087459	0
LOC413544	-7349.605291	-7349.605291	0
LOC413567	-4584.735045	-4579.876559	9.71697
LOC413573	-3467.598842	-3467.598842	0
LOC413575	-10356.576068	-10349.767570	13.617
LOC413576	-8652.183730	-8652.183730	0
LOC413579	-6944.478125	-6942.570147	3.81596
LOC413583	-5834.511183	-5833.298356	2.42565
LOC413601	-3136.172521	-3135.236700	1.87164
LOC413614	-1777.480873	-1777.387723	0.1863
LOC413619	-2282.145612	-2282.145612	0
LOC413643	-5607.448623	-5607.448623	0
LOC413668	-9639.231130	-9635.796095	6.87007
LOC413672	-8879.804202	-8879.804202	0
LOC413678	-6233.366500	-6233.366500	0
LOC413688	-6367.209108	-6366.406683	1.60485
LOC413699	-6574.910620	-6574.910620	0
LOC413713	-9222.890961	-9222.890961	0
LOC413736	-6735.032250	-6735.031905	0.00069
LOC413742	-8691.275767	-8691.275767	0
LOC413772	-6421.347846	-6421.347846	0
LOC413782	-10253.433381	-10251.798833	3.2691
LOC413796	-13445.067808	-13440.930977	8.27366
LOC413815	-5052.030549	-5051.499821	1.06146
LOC413827	-3050.690131	-3050.690131	0
LOC413854	-10471.774117	-10471.774117	0
LOC413873	-19751.899564	-19751.899564	0
LOC413878	-7963.640638	-7962.940101	1.40107
LOC413881	-1661.599412	-1661.599412	0
LOC413889	-4364.792844	-4364.094124	1.39744
LOC413909	-6452.886692	-6452.757785	0.257814
LOC413914	-3645.864718	-3645.864718	0
LOC413916	-3320.886423	-3320.886423	0
LOC413917	-7412.133850	-7412.133850	0
LOC413950	-12384.783678	-12382.747728	4.0719
LOC413976	-2371.973405	-2371.354295	1.23822
LOC413987	-6251.132505	-6251.132504	2e-06
LOC414009	-7156.233930	-7156.233759	0.000342
LOC414027	-1939.026273	-1939.026273	0
LOC414035	-3399.894515	-3399.757987	0.273056
LOC414039	-1060.430038	-1060.430039	-2e-06
LOC494509	-4057.837222	-4056.868663	1.93712
LOC550659	-4026.698761	-4026.698761	0
LOC550695	-7814.739902	-7809.912721	9.65436
LOC550701	-4189.747105	-4189.740385	0.01344
LOC550710	-2253.958536	-2253.958536	0
LOC550716	-16266.795888	-16266.795887	2e-06
LOC550767	-3210.112382	-3210.054794	0.115176
LOC550780	-3221.356301	-3221.344530	0.023542
LOC550789	-4126.595017	-4126.508208	0.173618
LOC550804	-8600.002467	-8598.525324	2.95429
LOC550829	-21942.025341	-21941.404066	1.24255
LOC550834	-817.656948	-817.656948	0
LOC550869	-6650.609456	-6649.905441	1.40803
LOC550881	-2535.580828	-2535.580828	0
LOC550884	-6812.383236	-6812.383236	0
LOC550885	-6912.281348	-6912.281348	0
LOC550901	-4659.447264	-4659.212839	0.46885
LOC550903	-10066.092418	-10065.200432	1.78397
LOC550955	-3016.547234	-3016.547234	0
LOC550970	-2253.395362	-2253.395361	2e-06
LOC550998	-3089.519037	-3089.519037	0
LOC551009	-7266.419276	-7264.658403	3.52175
LOC551012	-7939.822212	-7939.822212	0
LOC551036	-4706.816810	-4706.460903	0.711814
LOC551042	-2723.625274	-2723.565274	0.12
LOC551057	-3200.716045	-3200.690667	0.050756
LOC551088	-5552.437767	-5550.951046	2.97344
LOC551093	-7064.541429	-7064.541429	0
LOC551100	-3023.129151	-3023.129151	0
LOC551114	-2306.446883	-2298.481268	15.9312
LOC551116	-3519.824661	-3519.633173	0.382976
LOC551133	-4743.699206	-4737.290047	12.8183
LOC551177	-1929.313918	-1920.480367	17.6671
LOC551194	-6824.316059	-6824.316059	0
LOC551198	-3718.029783	-3718.029783	0
LOC551207	-9937.584395	-9936.118798	2.93119
LOC551208	-4444.652082	-4443.824382	1.6554
LOC551212	-8443.355575	-8443.355575	0
LOC551219	-7521.517000	-7521.175456	0.683088
LOC551231	-4948.059468	-4948.032716	0.053504
LOC551248	-1833.145427	-1833.145427	0
LOC551276	-6593.323517	-6591.695049	3.25694
LOC551290	-5733.080531	-5732.632372	0.896318
LOC551304	-616.770521	-616.770521	0
LOC551314	-10210.785850	-10209.887841	1.79602
LOC551324	-5244.343410	-5244.343410	0
LOC551353	-2671.304038	-2670.046179	2.51572
LOC551364	-5759.983012	-5759.983012	0
LOC551379	-6003.320099	-6003.320099	0
LOC551381	-1153.025585	-1153.025585	0
LOC551384	-4599.871632	-4599.871632	0
LOC551392	-5842.720759	-5842.648134	0.14525
LOC551395	-6400.002391	-6397.383610	5.23756
LOC551398	-14748.031314	-14746.992112	2.0784
LOC551405	-6988.065246	-6983.951285	8.22792
LOC551413	-2003.470277	-2001.757720	3.42511
LOC551414	-4314.830410	-4309.893054	9.87471
LOC551416	-6702.320254	-6701.226243	2.18802
LOC551425	-12986.461220	-12986.461220	0
LOC551426	-4222.452970	-4222.449529	0.006882
LOC551435	-7493.182936	-7492.835340	0.695192
LOC551439	-4177.153243	-4176.701989	0.902508
LOC551441	-3476.370601	-3476.370601	0
LOC551445	-3839.702798	-3839.702798	0
LOC551447	-5448.524276	-5444.574435	7.89968
LOC551448	-3110.118086	-3110.117987	0.000198
LOC551452	-4860.663272	-4860.663272	0
LOC551457	-4511.729427	-4510.861310	1.73623
LOC551467	-4963.294981	-4963.294981	0
LOC551484	-8683.954783	-8683.954783	0
LOC551500	-12793.716817	-12793.716817	0
LOC551501	-2174.829876	-2174.829876	0
LOC551517	-5424.475768	-5424.475768	0
LOC551530	-22899.107766	-22897.019339	4.17685
LOC551549	-6430.625538	-6429.809717	1.63164
LOC551554	-1774.853980	-1774.853980	0
LOC551578	-9707.514900	-9707.469632	0.090536
LOC551581	-6597.902356	-6597.085917	1.63288
LOC551589	-2396.058138	-2394.141533	3.83321
LOC551602	-7261.403203	-7261.403203	0
LOC551603	-2249.302258	-2245.875891	6.85273
LOC551607	-1222.491840	-1222.491840	0
LOC551608	-5540.094142	-5540.062614	0.063056
LOC551618	-6350.490338	-6350.490338	0
LOC551619	-11128.848864	-11128.179253	1.33922
LOC551629	-16522.793682	-16522.519152	0.54906
LOC551631	-8651.384285	-8648.339568	6.08943
LOC551642	-5157.609632	-5157.604574	0.010116
LOC551662	-3115.330544	-3113.425277	3.81053
LOC551664	-4227.895157	-4225.827799	4.13472
LOC551668	-12692.929042	-12675.390920	35.0762
LOC551679	-2569.868800	-2569.868800	0
LOC551683	-4678.700894	-4678.700894	0
LOC551695	-774.229905	-774.214630	0.03055
LOC551699	-5556.791591	-5556.720202	0.142778
LOC551709	-13609.515424	-13605.164588	8.70167
LOC551712	-6054.850884	-6054.850884	0
LOC551721	-5469.215878	-5469.215878	0
LOC551732	-4438.754430	-4437.966592	1.57568
LOC551749	-8040.320062	-8040.320063	-2e-06
LOC551753	-18536.274442	-18532.295302	7.95828
LOC551755	-1411.916067	-1411.818237	0.19566
LOC551757	-2041.889654	-2041.889654	0
LOC551794	-2252.810309	-2252.810309	0
LOC551806	-4523.060230	-4523.060230	0
LOC551815	-5098.723624	-5095.380112	6.68702
LOC551817	-1585.893484	-1585.893484	0
LOC551819	-5327.896416	-5327.840108	0.112616
LOC551827	-4296.837192	-4296.480006	0.714372
LOC551847	-4568.871558	-4568.099199	1.54472
LOC551872	-3584.355048	-3582.681553	3.34699
LOC551882	-3005.048430	-3001.295981	7.5049
LOC551890	-5386.899989	-5386.899989	0
LOC551892	-3562.209982	-3562.209982	0
LOC551898	-1358.391243	-1358.391243	0
LOC551912	-1037.052653	-1033.461126	7.18305
LOC551922	-2206.460856	-2206.284747	0.352218
LOC551952	-3786.996353	-3786.996353	0
LOC551961	-1620.471264	-1620.471264	0
LOC551962	-2939.933891	-2933.963657	11.9405
LOC551964	-7901.484525	-7901.484525	0
LOC551969	-7040.369352	-7037.850116	5.03847
LOC551970	-15409.949967	-15407.230893	5.43815
LOC551972	-5726.335113	-5725.467822	1.73458
LOC551980	-3298.689299	-3298.400723	0.577152
LOC551982	-2470.707219	-2454.606863	32.2007
LOC551986	-4589.389412	-4585.586906	7.60501
LOC552000	-2615.557715	-2615.248402	0.618626
LOC552003	-3052.616765	-3052.616765	0
LOC552009	-3763.381646	-3763.381646	0
LOC552036	-5939.448421	-5939.448421	0
LOC552043	-3828.757801	-3828.757801	0
LOC552051	-3771.318418	-3771.280073	0.07669
LOC552056	-6046.205230	-6046.007025	0.39641
LOC552062	-5447.758064	-5447.758064	0
LOC552091	-4498.342684	-4497.975708	0.733952
LOC552093	-3924.436994	-3924.436994	0
LOC552095	-16147.544971	-16143.559778	7.97039
LOC552124	-3111.262709	-3109.136523	4.25237
LOC552138	-1834.533773	-1834.533773	0
LOC552139	-3882.909767	-3882.909767	0
LOC552141	-3434.614367	-3434.614367	0
LOC552144	-6867.072431	-6866.130804	1.88325
LOC552145	-2053.281039	-2053.281039	0
LOC552150	-4888.744584	-4886.480163	4.52884
LOC552156	-6458.240661	-6458.240149	0.001024
LOC552161	-1464.731500	-1464.731500	0
LOC552163	-5992.846222	-5991.458282	2.77588
LOC552180	-1771.057607	-1771.057607	0
LOC552181	-3411.247578	-3411.244051	0.007054
LOC552191	-4872.349304	-4872.349304	0
LOC552194	-6185.113422	-6185.113422	0
LOC552196	-2468.907378	-2468.907378	0
LOC552197	-4252.746174	-4252.746174	0
LOC552204	-1886.768135	-1886.768135	0
LOC552213	-2022.130700	-2022.069511	0.122378
LOC552237	-2364.479204	-2362.571389	3.81563
LOC552245	-8801.378389	-8801.378389	0
LOC552246	-4616.458103	-4616.458103	0
LOC552247	-9222.485873	-9219.656190	5.65937
LOC552249	-18850.607407	-18847.688489	5.83784
LOC552254	-5439.977931	-5436.729719	6.49642
LOC552263	-4100.475087	-4100.475087	0
LOC552278	-4537.856298	-4537.856298	0
LOC552283	-3853.457234	-3853.457234	0
LOC552315	-3617.009733	-3617.009733	0
LOC552327	-4879.142601	-4877.951419	2.38236
LOC552348	-2190.673094	-2190.673094	0
LOC552353	-1860.208927	-1860.178021	0.061812
LOC552377	-4743.361916	-4743.361916	0
LOC552392	-5096.196136	-5096.166926	0.05842
LOC552398	-4583.143571	-4583.143571	0
LOC552403	-1388.926470	-1387.538981	2.77498
LOC552410	-1337.261879	-1335.435739	3.65228
LOC552413	-3971.542816	-3971.542816	0
LOC552417	-7239.841354	-7239.841354	0
LOC552419	-2050.906412	-2050.906412	0
LOC552424	-3303.796180	-3303.391692	0.808976
LOC552426	-2635.392141	-2635.392141	0
LOC552432	-5856.573341	-5856.573341	0
LOC552441	-2881.460266	-2880.353984	2.21256
LOC552443	-2459.606690	-2459.606690	0
LOC552449	-2514.211327	-2514.211327	0
LOC552451	-4833.653193	-4833.653193	0
LOC552455	-7513.800552	-7513.788540	0.024024
LOC552460	-1444.308775	-1444.308775	0
LOC552476	-1291.053818	-1291.053818	0
LOC552479	-9845.418709	-9842.484762	5.86789
LOC552485	-5725.485206	-5725.447668	0.075076
LOC552488	-5060.527903	-5060.527903	0
LOC552495	-10445.062204	-10445.062204	0
LOC552496	-9497.319383	-9491.409416	11.8199
LOC552501	-1707.700001	-1706.287915	2.82417
LOC552510	-7491.203967	-7478.184103	26.0397
LOC552511	-3716.007155	-3715.969227	0.075856
LOC552516	-3836.773955	-3836.772708	0.002494
LOC552520	-4010.509596	-4010.509596	0
LOC552522	-7294.526023	-7294.218007	0.616032
LOC552528	-8214.616667	-8213.340871	2.55159
LOC552529	-1442.339661	-1442.339661	0
LOC552531	-1156.392968	-1156.392968	0
LOC552533	-6644.491311	-6644.491311	0
LOC552549	-5889.385696	-5889.385696	0
LOC552551	-1412.815902	-1410.528132	4.57554
LOC552562	-5279.506716	-5278.577474	1.85848
LOC552566	-6584.671858	-6583.425112	2.49349
LOC552571	-7719.590293	-7719.590293	0
LOC552590	-4501.881234	-4501.881234	0
LOC552592	-7853.289146	-7853.289098	9.6e-05
LOC552599	-1710.907778	-1710.907778	0
LOC552607	-3786.130078	-3782.404313	7.45153
LOC552641	-5477.076097	-5477.076097	0
LOC552643	-9172.138297	-9172.138297	0
LOC552654	-2662.460693	-2662.460693	0
LOC552656	-6490.308585	-6488.845416	2.92634
LOC552658	-12950.987290	-12950.604103	0.766374
LOC552662	-5092.139531	-5092.139531	0
LOC552674	-12032.970762	-12022.326362	21.2888
LOC552686	-2401.004864	-2400.344826	1.32008
LOC552688	-3353.988371	-3353.988371	0
LOC552696	-5000.186759	-5000.186759	0
LOC552715	-3718.026177	-3718.026177	0
LOC552719	-1356.259252	-1355.808003	0.902498
LOC552720	-2772.455596	-2772.299274	0.312644
LOC552721	-2724.954687	-2724.954687	0
LOC552723	-6989.671699	-6989.671699	0
LOC552725	-7219.506176	-7219.506176	0
LOC552730	-1987.867329	-1987.867329	0
LOC552734	-3613.920663	-3613.920663	0
LOC552745	-5320.295395	-5320.295395	0
LOC552747	-8789.203094	-8788.754931	0.896326
LOC552748	-5417.651904	-5417.651904	0
LOC552756	-5466.989026	-5464.205925	5.5662
LOC552766	-5316.948265	-5316.948265	0
LOC552769	-3741.267868	-3741.267868	0
LOC552772	-1496.768914	-1496.768914	0
LOC552776	-7488.106828	-7487.893985	0.425686
LOC552779	-1772.775898	-1772.775898	0
LOC552787	-10211.644776	-10211.644776	0
LOC552794	-14955.173119	-14955.173113	1.2e-05
LOC552797	-3943.583563	-3939.354196	8.45873
LOC552802	-1570.707065	-1569.607298	2.19953
LOC552804	-5445.365725	-5445.365725	0
LOC552807	-1732.099168	-1732.099168	0
LOC552827	-649.292971	-649.292971	0
LOC552832	-4643.391214	-4642.358381	2.06567
LOC552839			0
LOC724169	-2677.855476	-2677.855476	0
LOC724170	-5172.860635	-5172.836377	0.048516
LOC724188	-1179.836839	-1179.836839	0
LOC724215	-19347.110992	-19345.102672	4.01664
LOC724216	-4453.290158	-4453.290158	0
LOC724218	-4689.480499	-4682.333469	14.2941
LOC724239	-5512.472006	-5512.472006	0
LOC724241	-1181.246458	-1181.246458	0
LOC724247	-7255.169947	-7246.755298	16.8293
LOC724256	-2897.455321	-2897.455321	0
LOC724291	-5076.180347	-5076.180347	0
LOC724292	-5274.380597	-5274.380597	0
LOC724296	-9736.182962	-9733.312601	5.74072
LOC724303	-1623.555438	-1623.555438	0
LOC724323	-4953.392242	-4953.392242	0
LOC724339	-7434.932290	-7434.851925	0.16073
LOC724341	-3287.160223	-3287.156219	0.008008
LOC724343	-1742.921557	-1741.838363	2.16639
LOC724350	-2653.790198	-2653.790198	0
LOC724365	-1522.771481	-1522.771481	0
LOC724366	-1864.644397	-1864.644397	0
LOC724386	-3061.109616	-3058.950491	4.31825
LOC724407	-174.987996	-174.987996	0
LOC724408	-1514.739114	-1514.739114	0
LOC724423	-25716.629419	-25716.307759	0.64332
LOC724432	-4442.140612	-4442.140612	0
LOC724443	-4991.209308	-4988.110908	6.1968
LOC724486	-1579.659160	-1578.246797	2.82473
LOC724488	-3318.484605	-3314.068100	8.83301
LOC724496	-6300.426650	-6299.338819	2.17566
LOC724510	-13885.538136	-13885.527974	0.020324
LOC724533	-1635.607371	-1635.607371	0
LOC724542	-9431.192156	-9429.908615	2.56708
LOC724625	-693.014415	-693.014415	0
LOC724630	-1305.804014	-1305.804014	0
LOC724648	-2501.380828	-2501.380828	0
LOC724654	-1841.807925	-1841.807925	0
LOC724656	-11834.273052	-11834.069420	0.407264
LOC724700	-5595.488912	-5595.488912	0
LOC724703	-8125.991469	-8125.039659	1.90362
LOC724704	-5423.795091	-5423.795086	1e-05
LOC724710	-3302.498231	-3300.225636	4.54519
LOC724741	-9710.690920	-9710.398411	0.585018
LOC724742	-4390.441908	-4389.903214	1.07739
LOC724769	-1441.037036	-1441.037036	0
LOC724786	-1658.478839	-1658.478839	0
LOC724790	-3186.077276	-3185.850503	0.453546
LOC724794	-1300.940123	-1299.494839	2.89057
LOC724798	-5220.910054	-5218.192300	5.43551
LOC724809	-9256.301246	-9254.709918	3.18266
LOC724827	-2958.783613	-2957.013111	3.541
LOC724863	-8315.688246	-8314.712683	1.95113
LOC724865	-13064.438047	-13062.623105	3.62988
LOC724885	-3014.684411	-3014.482909	0.403004
LOC724888	-1163.770834	-1163.770834	0
LOC724891	-7419.436544	-7418.065676	2.74174
LOC724896	-901.492393	-901.492393	0
LOC724926	-10599.849558	-10599.203890	1.29134
LOC724930	-8426.043688	-8420.206101	11.6752
LOC724932	-5569.207393	-5568.062247	2.29029
LOC724947	-3718.875143	-3718.868327	0.013632
LOC724948	-10893.047686	-10890.572032	4.95131
LOC724953	-2907.850235	-2907.850235	0
LOC724954	-1913.130768	-1913.031756	0.198024
LOC725023	-5979.156928	-5979.156928	0
LOC725026	-5293.066099	-5293.066099	0
LOC725044	-5836.192530	-5836.192530	0
LOC725055	-610.327915	-610.327915	0
LOC725111	-11571.924287	-11569.644167	4.56024
LOC725142	-937.014352	-937.014352	0
LOC725143	-4411.745641	-4410.511930	2.46742
LOC725146	-4319.517624	-4315.644966	7.74532
LOC725149	-12537.004384	-12534.220749	5.56727
LOC725178	-8408.263828	-8406.731860	3.06394
LOC725184	-1254.613416	-1254.613416	0
LOC725204	-4031.546669	-4014.071449	34.9504
LOC725216	-23573.558324	-23568.719357	9.67793
LOC725238	-4057.690362	-4057.690361	2e-06
LOC725240	-1341.574754	-1341.574754	0
LOC725261	-1903.886975	-1903.886975	0
LOC725266	-1599.058121	-1599.058121	0
LOC725306	-25341.303979	-25341.303979	0
LOC725316	-1530.847079	-1530.847079	0
LOC725320	-9135.031508	-9135.031508	0
LOC725325	-6961.580831	-6961.546869	0.067924
LOC725330	-6680.811851	-6673.247018	15.1297
LOC725343	-7669.650294	-7669.164102	0.972384
LOC725345	-1108.384026	-1108.384026	0
LOC725348	-5127.508584	-5127.508584	0
LOC725362	-3369.817273	-3369.817273	0
LOC725363	-4369.613344	-4369.613344	0
LOC725368	-5178.219385	-5177.996861	0.445048
LOC725374	-2601.086484	-2600.987537	0.197894
LOC725388	-8559.151532	-8559.151532	0
LOC725416	-1614.246195	-1614.246195	0
LOC725459	-3232.958015	-3230.583424	4.74918
LOC725477	-7613.646019	-7611.114829	5.06238
LOC725478	-2647.093671	-2647.007121	0.1731
LOC725486	-10207.515600	-10207.515600	0
LOC725491	-2187.376181	-2187.376181	0
LOC725496	-5602.432764	-5601.621077	1.62337
LOC725505	-3032.881611	-3032.881611	0
LOC725512	-7064.726221	-7063.596485	2.25947
LOC725529	-3796.463102	-3794.766742	3.39272
LOC725539	-7693.337107	-7692.518303	1.63761
LOC725551	-2735.235171	-2735.235171	0
LOC725552	-9520.068352	-9520.068352	0
LOC725566	-1887.347701	-1887.284264	0.126874
LOC725569	-4842.419093	-4842.419093	0
LOC725571	-5648.507227	-5648.507227	0
LOC725572	-1223.922529	-1223.922529	0
LOC725576	-8936.568149	-8936.568149	0
LOC725603	-2562.348371	-2560.992347	2.71205
LOC725609	-852.022214	-852.022214	0
LOC725611	-20475.611556	-20471.949341	7.32443
LOC725612	-13454.992987	-13452.564803	4.85637
LOC725628	-3088.354003	-3086.372367	3.96327
LOC725633	-1652.077984	-1652.077984	0
LOC725641	-1089.461614	-1089.461614	0
LOC725661	-7092.660308	-7091.830599	1.65942
LOC725686	-928.391125	-928.391125	0
LOC725688	-2401.809912	-2399.139634	5.34056
LOC725690	-4187.184642	-4187.184642	0
LOC725701	-7080.889930	-7080.889930	0
LOC725705	-1293.343055	-1293.343055	0
LOC725719	-14071.319942	-14069.665709	3.30847
LOC725744	-2708.708848	-2708.708848	0
LOC725753	-3527.502732	-3527.502732	0
LOC725756	-6754.450074	-6753.648937	1.60227
LOC725770	-9182.204963	-9182.204963	0
LOC725780	-4299.009396	-4299.009396	0
LOC725801	-4887.324153	-4884.578260	5.49179
LOC725835	-1358.766934	-1358.766934	0
LOC725856	-1568.493242	-1568.493242	0
LOC725880	-784.867810	-784.867810	0
LOC725881	-3508.433971	-3508.433971	0
LOC725896	-6161.826031	-6161.826031	0
LOC725899	-5339.377010	-5339.377010	0
LOC725922	-7229.064785	-7227.025454	4.07866
LOC725942	-1796.808748	-1796.808748	0
LOC725947	-697.807639	-697.807639	0
LOC726002	-14682.309362	-14682.303017	0.01269
LOC726015	-3665.282744	-3664.360708	1.84407
LOC726030	-9867.755943	-9867.755943	0
LOC726040	-12604.255881	-12604.139315	0.233132
LOC726061	-1378.174328	-1378.170083	0.00849
LOC726095	-4072.112815	-4072.112815	0
LOC726102	-7506.414730	-7506.414730	0
LOC726118	-1702.787837	-1698.221795	9.13208
LOC726131	-1224.592760	-1224.592760	0
LOC726163	-3001.094768	-3001.094768	0
LOC726164	-2473.770422	-2473.770422	0
LOC726167	-3206.284539	-3197.948361	16.6724
LOC726172	-4147.811510	-4147.811510	0
LOC726187	-9027.598274	-9025.764522	3.6675
LOC726197	-2042.178181	-2042.178181	0
LOC726205	-3190.296600	-3190.296600	0
LOC726212	-8576.243223	-8575.873152	0.740142
LOC726221	-1609.353990	-1609.353990	0
LOC726227	-6971.159314	-6969.452403	3.41382
LOC726237	-3814.349961	-3814.349961	0
LOC726239	-3954.190849	-3954.190849	0
LOC726240	-1815.337061	-1815.337061	0
LOC726253	-2813.190800	-2813.190800	0
LOC726255	-5102.822373	-5101.166409	3.31193
LOC726289	-2508.683785	-2508.683785	0
LOC726302	-2532.065004	-2531.397988	1.33403
LOC726303	-3610.855643	-3610.855643	0
LOC726310	-12845.350414	-12844.319160	2.06251
LOC726315	-7366.638850	-7363.838188	5.60132
LOC726352	-3609.240989	-3607.813737	2.8545
LOC726380	-4383.532821	-4381.574568	3.91651
LOC726389	-5695.441560	-5695.441560	0
LOC726409	-1904.633285	-1904.534173	0.198224
LOC726414	-11945.302183	-11942.656838	5.29069
LOC726418	-6029.938280	-6029.230901	1.41476
LOC726428	-2638.850425	-2637.935710	1.82943
LOC726497	-27789.431641	-27787.489619	3.88404
LOC726498	-1537.208169	-1537.208168	2e-06
LOC726500	-1422.111142	-1422.111140	4e-06
LOC726540	-15834.240998	-15832.331925	3.81815
LOC726562	-8078.672210	-8078.672210	0
LOC726579	-8551.917131	-8551.804776	0.22471
LOC726583	-10071.889375	-10063.253993	17.2708
LOC726609	-1844.782869	-1844.782869	0
LOC726626	-2252.502867	-2251.264003	2.47773
LOC726637	-9582.242426	-9582.128233	0.228386
LOC726666	-916.889858	-916.889857	2e-06
LOC726720	-1803.400715	-1803.400715	0
LOC726721	-686.181886	-686.181886	0
LOC726742	-13845.440919	-13837.649082	15.5837
LOC726747	-1758.495851	-1758.495851	0
LOC726754	-4806.190347	-4806.190341	1.2e-05
LOC726760	-8977.955490	-8974.366498	7.17798
LOC726800	-4908.688142	-4908.538059	0.300166
LOC726811	-4439.942145	-4439.064804	1.75468
LOC726812	-6192.621744	-6192.621744	0
LOC726822	-2817.509751	-2817.509751	0
LOC726826	-5687.281002	-5687.281002	0
LOC726850	-1877.862162	-1877.862162	0
LOC726869	-7608.181180	-7608.033593	0.295174
LOC726872	-2536.545084	-2536.545084	0
LOC726887	-3265.745134	-3265.745134	0
LOC726890	-4039.594231	-4039.594231	0
LOC726923	-1196.435481	-1195.585131	1.7007
LOC726928	-12035.399905	-12022.874599	25.0506
LOC726947	-7490.399345	-7490.399345	0
LOC726958	-2629.926265	-2629.662609	0.527312
LOC726983	-7621.524004	-7621.020731	1.00655
LOC726999	-3880.756575	-3879.626351	2.26045
LOC727004	-2402.285375	-2402.285375	0
LOC727009	-9838.046176	-9831.798772	12.4948
LOC727022	-8910.398508	-8906.010320	8.77638
LOC727025	-589.026302	-589.026302	0
LOC727027	-8375.580338	-8371.852269	7.45614
LOC727048	-3679.410799	-3679.410799	0
LOC727116	-2541.888401	-2541.629628	0.517546
LOC727122	-1120.543348	-1119.278009	2.53068
LOC727146	-10201.289024	-10200.919012	0.740024
LOC727186	-1443.824693	-1443.789990	0.069406
LOC727229	-9288.036069	-9286.756638	2.55886
LOC727237	-6714.753403	-6714.753403	0
LOC727238	-25798.075295	-25797.812233	0.526124
LOC727299	-5624.773816	-5624.773816	0
LOC727303	-5358.308779	-5357.766036	1.08549
LOC727320	-7657.436266	-7654.700929	5.47067
LOC727378	-934.450563	-934.450563	0
LOC727396	-14789.519380	-14789.102022	0.834716
LOC727420	-4414.333372	-4414.333372	0
LOC727456	-281.270200	-281.270200	0
LOC727495	-11491.598578	-11489.681904	3.83335
LOC727539	-3920.209148	-3920.209148	0
LOC727582	-4871.524689	-4871.524689	0
LOC727622	-5671.282863	-5671.264665	0.036396
LOC727634	-5922.813616	-5886.117573	73.3921
LOC727652	-17795.281371	-17793.405037	3.75267
NOS	-14245.980394	-14245.144470	1.67185
PGRP-S3	-2052.809389	-2052.809389	0
Ppib	-2074.202122	-2073.983357	0.43753
PPO	-8216.519496	-8216.387034	0.264924
Pten	-1746.415915	-1746.415915	0
Rnft2	-6016.819021	-6016.819021	0
RpL35	-1631.643467	-1631.643467	0
Smb	-1754.192413	-1754.192412	2e-06
Snf	-2314.796268	-2314.796268	0
STT3B	-7329.494207	-7329.494207	0
Tpi	-2708.208294	-2707.068361	2.27987
Tspan6	-4806.454841	-4799.026623	14.8564
Usp	-4582.078581	-4582.078581	0
Vg	-42686.944578	-42679.965999	13.9572
Vha16	-1295.555992	-1295.555992	0
