Gene	lnL_Null	lnL_Alt	LRT
LOC102654146	-4550.790244	-4548.495294	4.5899
LOC411083	-11682.785723	-11682.785723	0
LOC411457	-5571.115800	-5571.070158	0.091284
LOC411796	-5310.824973	-5310.293543	1.06286
LOC551837	-12241.415591	-12241.004289	0.822604
LOC551931	-3227.453603	-3214.398216	26.1108
LOC726476	-4808.619506	-4808.619506	0
Arp1	-3666.895156	-3666.895156	0
B-gluc1	-8572.970547	-8571.785186	2.37072
Cox6c	-1488.901382	-1487.900635	2.00149
CPR14	-1855.649847	-1855.649847	0
CPR19	-3269.799921	-3269.799921	0
CSP6	-1979.598582	-1977.317524	4.56212
CytC	-1423.408358	-1423.408358	0
Dcr-1	-17139.483056	-17139.483056	0
Dl	-10530.500674	-10494.298781	72.4038
Dnmt3	-9957.608977	-9957.608977	0
Ecr	-4686.047992	-4684.989597	2.11679
egh	-5751.012843	-5751.012843	0
FAR1	-7148.074170	-7148.074170	0
Gat-1B	-7488.097491	-7486.876417	2.44215
Gat-a	-7589.731394	-7589.731394	0
Gfat2	-9212.894817	-9211.831286	2.12706
GlnS	-5422.376661	-5422.376661	0
GstD1	-4393.102377	-4392.209393	1.78597
GstS4	-3263.229274	-3263.229274	0
Imd	-4527.623137	-4527.623137	0
Jtb	-8379.881511	-8376.619321	6.52438
KAT2A	-9558.712554	-9558.712554	0
LOC100379261	-6102.187588	-6102.187588	0
LOC100576099	-2096.776029	-2096.776029	0
LOC100576186	-7579.085033	-7579.085033	0
LOC100576195	-1540.728038	-1540.728892	-0.001708
LOC100576337	-3442.312885	-3442.303757	0.018256
LOC100576383	-6942.351163	-6942.347636	0.007054
LOC100576411	-9062.822343	-9062.822343	0
LOC100576527	-8832.924323	-8832.924323	0
LOC100576646	-3356.037750	-3354.777389	2.52072
LOC100576649	-8765.085258	-8763.371714	3.42709
LOC100576660	-9031.583100	-9031.583100	0
LOC100576742	-15610.428593	-15610.428593	0
LOC100576795	-3887.203537	-3887.203537	0
LOC100576801	-3752.577370	-3749.408122	6.3385
LOC100576818	-4879.481577	-4879.481577	0
LOC100576819	-7688.123618	-7688.123618	0
LOC100576826	-3583.124347	-3583.123990	0.000714
LOC100576862	-6292.145125	-6291.717144	0.855962
LOC100577002	-8141.473384	-8134.150706	14.6454
LOC100577019	-487.818240	-487.818240	0
LOC100577050	-8144.985409	-8144.985409	0
LOC100577053	-9032.025926	-9032.025926	0
LOC100577136	-5989.866734	-5989.547040	0.639388
LOC100577140	-8781.429618	-8781.429618	0
LOC100577174	-18805.352855	-18805.352855	0
LOC100577196	-9775.081007	-9773.550589	3.06084
LOC100577401	-16692.904098	-16689.715819	6.37656
LOC100577423	-5057.798642	-5057.708599	0.180086
LOC100577481	-7681.244372	-7676.741573	9.0056
LOC100577493	-9552.534900	-9552.024251	1.0213
LOC100577519			0
LOC100577687	-7342.555648	-7342.555648	0
LOC100577690	-2328.072891	-2328.071361	0.00306
LOC100577763	-37590.350832	-37583.267369	14.1669
LOC100577764	-1764.959431	-1764.959431	0
LOC100577841	-4300.102729	-4300.102729	0
LOC100577870	-1455.706144	-1455.706144	0
LOC100577972	-67390.713260	-67390.023897	1.37873
LOC100578030	-5499.942786	-5499.702917	0.479738
LOC100578035	-3696.770513	-3696.770513	0
LOC100578071	-27465.364662	-27460.795857	9.13761
LOC100578156	-4120.729329	-4117.898489	5.66168
LOC100578168	-2208.491796	-2201.572456	13.8387
LOC100578209	-4742.603884	-4742.603884	0
LOC100578215	-6350.986165	-6350.831484	0.309362
LOC100578235	-1918.697897	-1918.697897	0
LOC100578255	-23331.750515	-23331.010094	1.48084
LOC100578277	-1114.834105	-1114.834105	0
LOC100578329	-9297.203544	-9295.997066	2.41296
LOC100578356	-19594.610667	-19594.610667	0
LOC100578380	-2965.181629	-2964.400326	1.56261
LOC100578433	-22934.746666	-22934.746666	0
LOC100578450	-11515.890750	-11515.890750	0
LOC100578537	-11218.811399	-11218.811399	0
LOC100578560	-1650.089099	-1650.089099	0
LOC100578586	-10965.190557	-10957.941705	14.4977
LOC100578697	-2798.850758	-2798.850758	0
LOC100578725	-1132.999489	-1132.855326	0.288326
LOC100578875	-4994.202225	-4994.202225	0
LOC100578893	-11053.266450	-11053.266450	0
LOC102653793	-5578.303555	-5578.303555	0
LOC102653879	-4449.006927	-4448.314962	1.38393
LOC102653930	-1477.985645	-1477.985645	0
LOC102653951	-1988.176204	-1985.255839	5.84073
LOC102654014	-3585.749407	-3583.275517	4.94778
LOC102654165	-4722.677037	-4722.677037	0
LOC102654312	-5275.543087	-5275.543087	0
LOC102654349	-958.513922	-958.128628	0.770588
LOC102654365	-8187.910108	-8187.275765	1.26869
LOC102654610	-3855.882052	-3855.882052	0
LOC102654621	-6701.962666	-6696.435170	11.055
LOC102654987	-2045.548422	-2045.548422	0
LOC102655219	-4878.145851	-4878.145851	0
LOC102655244	-9659.399041	-9659.166278	0.465526
LOC102655259	-9878.908393	-9877.696180	2.42443
LOC102655470	-551.877892	-551.877892	0
LOC102655679	-3353.133872	-3353.133872	0
LOC102655688	-7853.356075	-7853.356075	0
LOC102655836	-6361.780634	-6361.780634	0
LOC102655877	-4943.619708	-4943.585279	0.068858
LOC102655904	-1683.673251	-1683.608573	0.129356
LOC102655948	-4157.081220	-4156.841642	0.479156
LOC102656183	-1841.077831	-1841.077831	0
LOC102656263	-2861.790524	-2861.790524	0
LOC102656287	-1672.372924	-1672.372924	0
LOC107963993	-5518.443212	-5513.708111	9.4702
LOC107964089	-2767.731901	-2767.731901	0
LOC107964507	-1443.433677	-1443.433677	0
LOC107965021	-1491.637550	-1491.637550	0
LOC107965199	-9223.926052	-9223.727596	0.396912
LOC107965225	-2528.529658	-2528.529653	1e-05
LOC107965250	-5535.529202	-5535.529202	0
LOC107965266	-6706.264934	-6705.524336	1.4812
LOC107965508	-3971.131629	-3971.131629	0
LOC107965749	-5552.023337	-5552.023337	0
LOC107965828	-3755.991905	-3754.636685	2.71044
LOC113218526	-11234.973089	-11234.973089	0
LOC113218534	-4989.280700	-4989.280700	0
LOC113218670	-2778.226905	-2778.226905	0
LOC406097	-8166.839916	-8166.839916	0
LOC406114	-9791.936358	-9791.936358	0
LOC408271	-6682.873926	-6682.873927	-2e-06
LOC408286	-12229.037137	-12228.817749	0.438776
LOC408303	-5193.225964	-5191.055497	4.34093
LOC408312	-7852.719804	-7852.719804	0
LOC408355	-5887.085703	-5887.085703	0
LOC408358	-19066.906790	-19062.642370	8.52884
LOC408369	-3172.535445	-3172.535445	0
LOC408391	-4453.116478	-4453.070935	0.091086
LOC408402	-7159.048748	-7159.048748	0
LOC408421	-9023.834188	-9021.401021	4.86633
LOC408426	-3245.261274	-3244.439724	1.6431
LOC408426	-3245.261274	-3244.439724	1.6431
LOC408434	-5856.875792	-5856.875792	0
LOC408438	-14421.064298	-14421.032831	0.062934
LOC408458	-13000.836896	-13000.836895	2e-06
LOC408461	-3730.989719	-3730.989719	0
LOC408474	-9904.014231	-9903.884338	0.259786
LOC408501	-15065.345275	-15065.345275	0
LOC408511	-3733.282778	-3733.282778	0
LOC408520	-3356.664578	-3354.147173	5.03481
LOC408533	-16630.756330	-16630.133876	1.24491
LOC408573	-2867.658109	-2867.658109	0
LOC408575	-4881.542644	-4881.542644	0
LOC408592	-6441.571438	-6441.511357	0.120162
LOC408597	-4364.083922	-4364.083922	0
LOC408649	-7009.851912	-7009.851912	0
LOC408661	-9173.552323	-9170.267900	6.56885
LOC408668	-11328.028702	-11326.997021	2.06336
LOC408687	-3725.153003	-3725.153003	0
LOC408717	-3366.463660	-3363.842333	5.24265
LOC408741	-4276.749251	-4276.749251	0
LOC408742	-8631.851153	-8631.290215	1.12188
LOC408748	-2007.369616	-2007.369616	0
LOC408766	-2711.239121	-2709.513713	3.45082
LOC408774	-41882.669165	-41881.709006	1.92032
LOC408785	-3382.615012	-3382.615012	0
LOC408791	-15396.408589	-15396.408589	0
LOC408793	-11755.634152	-11755.634152	0
LOC408804	-11975.830127	-11966.592313	18.4756
LOC408808	-14414.346389	-14413.789899	1.11298
LOC408808	-14414.346389	-14413.789899	1.11298
LOC408815	-18477.001186	-18475.833616	2.33514
LOC408819	-2244.017179	-2244.017179	0
LOC408827	-3216.101378	-3216.101378	0
LOC408833	-3062.344737	-3062.343428	0.002618
LOC408834	-4232.171697	-4232.171697	0
LOC408851	-1542.735616	-1542.735616	0
LOC408871	-5894.809525	-5894.697014	0.225022
LOC408892	-5270.895789	-5270.891352	0.008874
LOC408906	-7482.762725	-7481.609828	2.30579
LOC408924	-6091.291180	-6091.088323	0.405714
LOC408925	-9687.262527	-9687.262529	-4e-06
LOC408955	-6690.353224	-6675.130838	30.4448
LOC408971	-2076.051195	-2076.051195	0
LOC408979	-5551.162993	-5551.162993	0
LOC408989	-9923.140841	-9923.140841	0
LOC409004	-1719.289543	-1719.289538	1e-05
LOC409023	-5134.000943	-5133.845417	0.311052
LOC409026	-3225.574366	-3225.155815	0.837102
LOC409032	-11846.692358	-11846.692358	0
LOC409036	-1422.459910	-1422.459910	0
LOC409036	-1422.459910	-1422.459910	0
LOC409041	-3908.980493	-3908.980493	0
LOC409055	-4804.834567	-4804.834567	0
LOC409068	-4630.913229	-4630.866657	0.093144
LOC409098	-13356.914758	-13356.041422	1.74667
LOC409103	-4365.134622	-4365.072483	0.124278
LOC409125	-17263.863740	-17263.863740	0
LOC409157	-7989.873929	-7989.873929	0
LOC409165	-5614.681229	-5614.681229	0
LOC409179	-5796.816844	-5796.816843	2e-06
LOC409180	-6526.069645	-6525.325109	1.48907
LOC409189	-5527.296029	-5527.296029	0
LOC409196	-7740.368471	-7739.062877	2.61119
LOC409201	-1896.510143	-1896.510143	0
LOC409203	-8520.615135	-8512.799804	15.6307
LOC409226	-7891.058537	-7888.466708	5.18366
LOC409245	-4572.271239	-4572.271239	0
LOC409249	-13676.162204	-13675.640028	1.04435
LOC409260	-6636.917241	-6636.917241	0
LOC409263	-3951.494522	-3951.490959	0.007126
LOC409265	-7540.641865	-7537.491429	6.30087
LOC409270	-5553.015142	-5552.610816	0.808652
LOC409271	-24425.369446	-24425.369443	6e-06
LOC409286	-3555.284784	-3555.284784	0
LOC409292	-4088.263466	-4088.263466	0
LOC409308	-763.917338	-763.917338	0
LOC409320	-3030.890423	-3030.890196	0.000454
LOC409329	-3775.529978	-3775.529978	0
LOC409334	-9979.626249	-9979.567527	0.117444
LOC409336	-3567.408430	-3555.455893	23.9051
LOC409341	-5689.353909	-5689.035697	0.636424
LOC409361	-2636.888288	-2636.888288	0
LOC409365	-14233.553464	-14232.969965	1.167
LOC409373	-3673.678207	-3673.678207	0
LOC409377	-7359.590601	-7356.079302	7.0226
LOC409386	-1132.587831	-1132.587831	0
LOC409388	-3109.333249	-3109.333249	0
LOC409393	-26686.826093	-26686.826093	0
LOC409410	-5483.389171	-5483.389171	0
LOC409411	-3634.545058	-3633.231130	2.62786
LOC409425	-11362.943359	-11362.800393	0.285932
LOC409427	-4580.324981	-4580.324981	0
LOC409441	-4701.489766	-4701.489766	0
LOC409465	-80.136617	-75.416071	9.44109
LOC409488	-3499.927685	-3499.927685	0
LOC409491	-4488.343734	-4488.343734	0
LOC409495	-4291.361986	-4286.109070	10.5058
LOC409499	-4246.631931	-4246.631931	0
LOC409511	-3877.758592	-3877.758592	0
LOC409520	-2979.266161	-2979.266161	0
LOC409523	-3504.000336	-3504.000336	0
LOC409529	-1981.780253	-1981.013342	1.53382
LOC409529	-1981.780253	-1981.013342	1.53382
LOC409538	-1992.728540	-1992.728540	0
LOC409559	-6154.657830	-6154.657830	0
LOC409586	-2957.635331	-2957.431954	0.406754
LOC409607	-3242.769129	-3242.147177	1.2439
LOC409633	-3130.069495	-3127.002301	6.13439
LOC409643	-4871.471666	-4871.466627	0.010078
LOC409662	-3266.526149	-3266.526149	0
LOC409667	-1189.746791	-1189.746791	0
LOC409670	-8492.833380	-8492.797694	0.071372
LOC409673	-31275.016799	-31273.990234	2.05313
LOC409689	-6430.665781	-6430.665781	0
LOC409704	-6898.439810	-6892.341398	12.1968
LOC409724	-7595.212238	-7595.212238	0
LOC409726	-7545.491666	-7545.491666	0
LOC409736	-5978.103561	-5977.893470	0.420182
LOC409740	-3623.778306	-3623.614697	0.327218
LOC409749	-1615.791943	-1615.791943	0
LOC409762	-2220.298882	-2220.298882	0
LOC409769	-5938.075656	-5938.075656	0
LOC409791	-3376.900491	-3376.900491	0
LOC409795	-13932.938233	-13932.938233	0
LOC409814	-9403.788029	-9402.338933	2.89819
LOC409833	-5593.311100	-5590.535992	5.55022
LOC409838	-8522.598530	-8522.598530	0
LOC409852	-6703.469248	-6703.469248	0
LOC409857	-1346.458083	-1341.005575	10.905
LOC409860	-7694.995224	-7694.477203	1.03604
LOC409863	-2787.524084	-2787.524084	0
LOC409900	-2511.237837	-2511.237837	0
LOC409905	-7205.158264	-7205.158264	0
LOC409909	-4061.391329	-4061.356737	0.069184
LOC409910	-1749.489923	-1749.489923	0
LOC409911	-6223.338770	-6223.338770	0
LOC409920	-1198.357215	-1198.357215	0
LOC409924	-5834.668173	-5834.668173	0
LOC409925	-1961.105381	-1959.453340	3.30408
LOC409928	-9808.919920	-9779.157457	59.5249
LOC409930	-2421.013858	-2419.638105	2.75151
LOC409941	-10078.100072	-10078.100072	0
LOC409945	-6606.380329	-6606.096229	0.5682
LOC409976	-3429.909529	-3429.909529	0
LOC410039	-5381.041443	-5378.267962	5.54696
LOC410055	-3518.889657	-3518.889657	0
LOC410059	-5606.508456	-5606.508456	0
LOC410087	-3984.294062	-3982.613379	3.36137
LOC410091	-4573.569455	-4573.569455	0
LOC410097	-17934.574572	-17927.235793	14.6776
LOC410105	-6456.056646	-6456.056646	0
LOC410107	-8854.769032	-8847.442553	14.653
LOC410118	-6280.995726	-6277.594913	6.80163
LOC410155	-4.813935	-4.813935	0
LOC410157	-1648.184281	-1648.179441	0.00968
LOC410159	-16598.514151	-16598.514151	0
LOC410172	-5754.064244	-5754.064244	0
LOC410183	-19191.068290	-19191.068290	0
LOC410241	-1791.670122	-1791.670122	0
LOC410257	-4611.719031	-4611.577772	0.282518
LOC410270	-7512.955968	-7510.323874	5.26419
LOC410283	-3346.035700	-3340.137510	11.7964
LOC410286	-10662.972644	-10662.957511	0.030266
LOC410289	-10186.030847	-10185.099563	1.86257
LOC410337	-11373.939554	-11373.517056	0.844996
LOC410338	-4589.922818	-4589.405738	1.03416
LOC410371	-12232.132222	-12231.498864	1.26672
LOC410376	-3831.206679	-3828.714463	4.98443
LOC410379	-11929.378177	-11928.900851	0.954652
LOC410383	-7111.969644	-7110.410616	3.11806
LOC410395	-1773.151451	-1773.151451	0
LOC410414	-11960.456856	-11960.456856	0
LOC410420	-3314.572487	-3314.148809	0.847356
LOC410451	-8133.889352	-8133.889352	0
LOC410456	-4976.688570	-4976.688570	0
LOC410470	-5494.583460	-5494.583460	0
LOC410484	-10044.130538	-10044.130538	0
LOC410485	-11479.697743	-11479.697743	0
LOC410510	-11037.537753	-11036.702861	1.66978
LOC410512	-4896.440701	-4892.401369	8.07866
LOC410525	-1721.437271	-1721.437271	0
LOC410538	-10301.855131	-10301.855131	0
LOC410542	-6068.970598	-6068.970598	0
LOC410550	-8437.570491	-8436.032002	3.07698
LOC410561	-2759.569098	-2759.569098	0
LOC410571	-16249.307318	-16247.639753	3.33513
LOC410575	-3900.782522	-3900.043486	1.47807
LOC410577	-2900.156606	-2897.908599	4.49601
LOC410583	-6369.114582	-6369.114582	0
LOC410585	-21869.614910	-21869.614910	0
LOC410618	-5971.066810	-5970.032746	2.06813
LOC410630	-14546.467626	-14546.467626	0
LOC410636	-1934.931624	-1931.883302	6.09664
LOC410663	-1724.686792	-1723.896444	1.5807
LOC410664	-9275.460605	-9275.460605	0
LOC410719	-5100.385652	-5100.385652	0
LOC410732	-5476.066467	-5474.624380	2.88417
LOC410811	-9038.133092	-9038.133092	0
LOC410812	-2066.347227	-2066.347227	0
LOC410821	-3498.656768	-3498.025204	1.26313
LOC410837	-2912.869602	-2912.607140	0.524924
LOC410860	-3839.074204	-3839.074204	0
LOC410879	-6016.284542	-6016.284542	0
LOC410907	-5262.182568	-5261.582612	1.19991
LOC410911	-5907.412838	-5907.412838	0
LOC410938	-6617.937475	-6617.914746	0.045458
LOC410940	-19511.670138	-19507.899731	7.54081
LOC410943	-3823.312985	-3817.896373	10.8332
LOC410952	-4529.406687	-4520.303644	18.2061
LOC410969	-2267.671627	-2267.671627	0
LOC410973	-1734.051655	-1734.051655	0
LOC410985	-3802.613453	-3802.613453	0
LOC411043	-7237.731498	-7237.731495	6e-06
LOC411048	-2873.923174	-2873.923174	0
LOC411054	-6097.485791	-6097.485791	0
LOC411070	-14449.467057	-14449.467057	0
LOC411088	-2119.727751	-2119.727751	0
LOC411100	-4163.051033	-4163.051033	0
LOC411115	-41778.809020	-41778.213614	1.19081
LOC411147	-9623.212754	-9623.212754	0
LOC411148	-6837.107836	-6837.107836	0
LOC411163	-6428.580752	-6428.580752	0
LOC411164	-5701.936823	-5699.644895	4.58386
LOC411167	-7821.688012	-7820.170329	3.03537
LOC411188	-5934.874358	-5934.874358	0
LOC411191	-2118.989134	-2118.989134	0
LOC411214	-4469.487254	-4469.487254	0
LOC411233	-10186.312293	-10185.524160	1.57627
LOC411249	-13785.931106	-13781.190876	9.48046
LOC411260	-1234.409221	-1234.409221	0
LOC411261	-10246.787652	-10245.729740	2.11582
LOC411270	-9294.906541	-9294.906541	0
LOC411270	-9294.906541	-9294.906541	0
LOC411288	-4610.468515	-4610.468515	0
LOC411295	-2906.218146	-2906.045468	0.345356
LOC411306	-4867.587091	-4865.604482	3.96522
LOC411335	-2947.430292	-2946.604997	1.65059
LOC411347	-2001.704580	-2001.208168	0.992824
LOC411365	-3112.382520	-3112.382520	0
LOC411391	-3573.754132	-3572.542003	2.42426
LOC411404	-5959.329824	-5955.261060	8.13753
LOC411408	-2550.946478	-2550.946478	0
LOC411447	-7536.266624	-7535.354520	1.82421
LOC411458	-6777.767781	-6777.767781	0
LOC411473	-8589.670528	-8589.670528	0
LOC411474	-21686.934397	-21686.934397	0
LOC411490	-7372.636666	-7372.636666	0
LOC411509	-4233.694133	-4233.694133	0
LOC411510	-4683.150939	-4678.404528	9.49282
LOC411519	-5560.700822	-5560.700822	0
LOC411524	-2759.080413	-2758.399338	1.36215
LOC411540	-8581.986746	-8581.859958	0.253576
LOC411545	-11281.780848	-11281.780848	0
LOC411552	-4243.072789	-4243.072789	0
LOC411564	-14039.542385	-14029.860209	19.3644
LOC411566	-14208.085957	-14208.728576	-1.28524
LOC411633	-4615.730838	-4614.595131	2.27141
LOC411639	-48662.793261	-48661.700456	2.18561
LOC411654	-4248.369841	-4248.369841	0
LOC411665	-3358.369086	-3358.369086	0
LOC411698	-4875.039687	-4875.039687	0
LOC411699	-12851.093000	-12851.093000	0
LOC411719	-5296.051771	-5291.970531	8.16248
LOC411722	-4601.671162	-4601.671162	0
LOC411724	-14210.315529	-14207.078926	6.47321
LOC411730	-11621.746465	-11621.574974	0.342982
LOC411731	-10027.698115	-10003.850769	47.6947
LOC411732	-2912.627611	-2912.627611	0
LOC411789	-2794.346764	-2794.346764	0
LOC411794	-6349.877214	-6349.877214	0
LOC411799	-7236.769265	-7236.756489	0.025552
LOC411839	-6516.094041	-6515.767448	0.653186
LOC411856	-3806.721325	-3806.551599	0.339452
LOC411875	-6720.903587	-6720.903587	0
LOC411892	-4096.232863	-4086.631249	19.2032
LOC411904	-10907.918138	-10905.939640	3.957
LOC411906	-13908.865649	-13908.865649	0
LOC411915	-4488.252145	-4488.252145	0
LOC411923	-13354.760035	-13354.760035	0
LOC411972	-5822.810656	-5822.708216	0.20488
LOC411980	-7730.701290	-7730.701290	0
LOC411982	-3174.158794	-3174.158794	0
LOC411985	-16604.975943	-16602.174254	5.60338
LOC412003	-9396.620384	-9396.045983	1.1488
LOC412005	-4702.879152	-4702.879152	0
LOC412018	-8706.360801	-8703.483475	5.75465
LOC412024	-3838.025225	-3837.818098	0.414254
LOC412025	-9399.204131	-9399.047275	0.313712
LOC412027	-5527.713516	-5526.310151	2.80673
LOC412030	-1632.637661	-1632.633276	0.00877
LOC412046	-22701.172256	-22701.172256	0
LOC412064	-2906.700604	-2906.700604	0
LOC412069	-6736.003384	-6731.069376	9.86802
LOC412082	-3647.382899	-3647.382899	0
LOC412097	-12669.981875	-12669.981875	0
LOC412115	-11940.896322	-11937.755266	6.28211
LOC412148	-2785.200233	-2781.712542	6.97538
LOC412150	-11126.796161	-11126.604853	0.382616
LOC412167	-11465.599704	-11457.445955	16.3075
LOC412177	-7315.845672	-7315.845672	0
LOC412195	-6473.669490	-6472.780871	1.77724
LOC412198	-22083.755313	-22083.524895	0.460836
LOC412200	-9273.982428	-9271.876527	4.2118
LOC412232	-4360.039182	-4360.039182	0
LOC412235	-4096.912536	-4096.912536	0
LOC412245	-6786.088868	-6784.315134	3.54747
LOC412247	-4528.821695	-4528.821695	0
LOC412263	-13177.130119	-13176.438894	1.38245
LOC412276	-3720.622950	-3714.987827	11.2702
LOC412277	-5281.897205	-5281.897205	0
LOC412278	-20106.700300	-20106.700300	0
LOC412282	-16563.338181	-16562.703741	1.26888
LOC412287	-6885.140905	-6883.724051	2.83371
LOC412294	-4677.785873	-4677.785873	0
LOC412303	-3568.369853	-3568.369853	0
LOC412332	-15632.671236	-15632.671235	2e-06
LOC412339	-3671.744634	-3671.744634	0
LOC412348	-2783.980460	-2783.980460	0
LOC412366	-4188.010073	-4188.010073	0
LOC412378	-3218.615500	-3217.766349	1.6983
LOC412410	-7217.397733	-7216.655976	1.48351
LOC412422	-20050.220522	-20046.239137	7.96277
LOC412423	-5522.454440	-5522.454440	0
LOC412467	-7132.743057	-7132.743057	0
LOC412470	-6924.765318	-6924.765318	0
LOC412526	-4468.537640	-4468.537640	0
LOC412540	-6662.284471	-6659.553712	5.46152
LOC412547	-1364.990916	-1364.990916	0
LOC412554	-3051.435638	-3051.435638	0
LOC412563	-6247.658797	-6247.522453	0.272688
LOC412573	-6803.607459	-6803.607468	-1.8e-05
LOC412578	-2034.136583	-2034.136583	0
LOC412580	-7025.750805	-7025.434930	0.63175
LOC412598	-4696.883449	-4696.883449	0
LOC412612	-5355.847835	-5355.827560	0.04055
LOC412619	-5596.735011	-5596.735011	0
LOC412623	-13042.649687	-13042.344498	0.610378
LOC412624	-9644.668849	-9643.154262	3.02917
LOC412647	-4441.889788	-4441.889788	0
LOC412670	-6011.084940	-6011.084940	0
LOC412675	-5426.595424	-5426.595424	0
LOC412687	-5091.554196	-5091.554196	0
LOC412690	-4617.407689	-4617.407689	0
LOC412750	-12129.055687	-12126.871135	4.3691
LOC412762	-4391.972884	-4391.972884	0
LOC412810	-13660.122469	-13660.122469	0
LOC412816	-3364.377552	-3364.377548	8e-06
LOC412851	-4282.414620	-4282.414620	0
LOC412870	-1230.959386	-1230.959386	0
LOC412878	-21358.431408	-21351.392665	14.0775
LOC412889	-5901.702963	-5901.702963	0
LOC412931	-6700.978467	-6699.918115	2.1207
LOC412933	-4695.021574	-4695.021574	0
LOC412950	-9966.279481	-9966.279481	0
LOC412956	-5086.250252	-5086.250249	6e-06
LOC413006	-3935.371828	-3935.371828	0
LOC413011	-6542.596167	-6542.596167	0
LOC413030	-3243.598479	-3243.598479	0
LOC413032	-10848.531219	-10839.161623	18.7392
LOC413065	-3369.354589	-3366.313914	6.08135
LOC413074	-15813.344337	-15813.344337	0
LOC413087	-9267.843822	-9267.843822	0
LOC413101	-5153.772408	-5153.772408	0
LOC413106	-8428.401291	-8428.401291	0
LOC413110	-2357.528978	-2357.528978	0
LOC413119	-9902.835751	-9901.889733	1.89204
LOC413126	-7970.036345	-7952.696879	34.6789
LOC413133	-4611.154841	-4611.154841	0
LOC413153	-6825.202158	-6825.202158	0
LOC413179	-2625.106754	-2625.108138	-0.002768
LOC413194	-6046.706586	-6044.264385	4.8844
LOC413196	-3030.919129	-3029.092364	3.65353
LOC413208	-7433.426555	-7433.426555	0
LOC413228	-7183.654914	-7183.654914	0
LOC413233	-9525.100557	-9525.100557	0
LOC413240	-2587.065825	-2587.065825	0
LOC413242	-9228.789006	-9222.617037	12.3439
LOC413246	-1774.927042	-1774.927042	0
LOC413250	-8328.985828	-8328.928201	0.115254
LOC413271	-6057.923818	-6057.048207	1.75122
LOC413275	-3469.383103	-3468.961566	0.843074
LOC413297	-3440.755141	-3440.755141	0
LOC413305	-8380.729463	-8380.729463	0
LOC413365	-4213.459077	-4213.459076	2e-06
LOC413383	-3995.207555	-3994.903349	0.608412
LOC413389	-7715.666471	-7715.666471	0
LOC413394	-2011.849152	-2011.849152	0
LOC413411	-8656.878732	-8656.878732	0
LOC413430	-5810.636409	-5810.565593	0.141632
LOC413489	-6379.621711	-6379.421712	0.399998
LOC413495	-3062.537585	-3062.537585	0
LOC413510	-16195.468067	-16177.328057	36.28
LOC413520	-3290.549850	-3290.549850	0
LOC413529	-6608.600167	-6608.556099	0.088136
LOC413534	-5884.977866	-5884.977866	0
LOC413542	-14146.921289	-14146.921289	0
LOC413544	-7349.542086	-7349.542086	0
LOC413567	-4585.437697	-4581.855197	7.165
LOC413573	-3467.336381	-3467.336381	0
LOC413575	-10358.630875	-10353.663229	9.93529
LOC413576	-8651.868661	-8650.829727	2.07787
LOC413579	-6942.351163	-6942.347636	0.007054
LOC413583	-5834.525284	-5834.525284	0
LOC413601	-3136.177832	-3135.841615	0.672434
LOC413614	-1777.324281	-1777.324281	0
LOC413619	-2282.145612	-2282.145612	0
LOC413643	-5607.497904	-5607.497904	0
LOC413668	-9638.360232	-9638.352883	0.014698
LOC413672	-8876.744721	-8876.744721	0
LOC413678	-6232.314206	-6232.314206	0
LOC413688	-6366.646246	-6366.627344	0.037804
LOC413699	-6574.201138	-6574.201138	0
LOC413713	-9222.890961	-9222.890961	0
LOC413736	-6733.863395	-6732.834084	2.05862
LOC413742	-8691.275767	-8691.275767	0
LOC413772	-6426.899356	-6427.038502	-0.278292
LOC413782	-10267.013547	-10264.313034	5.40103
LOC413796	-13445.549708	-13445.549708	0
LOC413815	-5049.812957	-5046.155423	7.31507
LOC413827	-3051.884675	-3051.884675	0
LOC413854	-10468.535138	-10468.215858	0.63856
LOC413873	-19745.875602	-19742.492050	6.7671
LOC413878	-7963.239504	-7963.239504	0
LOC413881	-1661.599412	-1661.599412	0
LOC413889	-4364.878601	-4364.878601	0
LOC413909	-6447.474013	-6441.195094	12.5578
LOC413914	-3645.578893	-3645.578893	0
LOC413916	-3320.172887	-3320.172887	0
LOC413917	-7411.915957	-7411.915957	0
LOC413950	-12378.762548	-12377.638644	2.24781
LOC413976	-2373.857876	-2373.857876	0
LOC413987	-6250.340389	-6250.233853	0.213072
LOC414009	-7155.179577	-7155.179577	0
LOC414027	-1939.026273	-1939.026273	0
LOC414035	-3401.557686	-3401.557686	0
LOC414039	-1060.430048	-1060.430047	2e-06
LOC494509	-4060.102800	-4060.102800	0
LOC550659	-4026.698717	-4026.698717	0
LOC550695	-7814.333903	-7814.033961	0.599884
LOC550701	-4188.345223	-4188.345223	0
LOC550710	-2253.016759	-2253.016759	0
LOC550716	-16268.143517	-16268.143517	0
LOC550767	-3205.562345	-3201.645365	7.83396
LOC550780	-3221.429970	-3221.429970	0
LOC550789	-4126.161632	-4126.161632	0
LOC550804	-8600.968692	-8600.915946	0.105492
LOC550829	-21903.252965	-21874.086612	58.3327
LOC550834	-817.656948	-817.656948	0
LOC550869	-6654.431598	-6654.431598	0
LOC550881	-2535.632073	-2535.632073	0
LOC550884	-6812.383236	-6812.383236	0
LOC550885	-6912.212917	-6912.212917	0
LOC550901	-4654.290160	-4652.667120	3.24608
LOC550903	-10070.287431	-10070.287431	0
LOC550955	-3016.547234	-3016.547234	0
LOC550970	-2253.395362	-2253.395361	2e-06
LOC550998	-3088.165244	-3087.880307	0.569874
LOC551009	-7266.346536	-7266.346536	0
LOC551012	-7939.928432	-7939.928432	0
LOC551036	-4706.374583	-4706.350749	0.047668
LOC551042	-2723.206488	-2722.013297	2.38638
LOC551057	-3199.476661	-3198.798081	1.35716
LOC551088	-5551.088438	-5546.856554	8.46377
LOC551093	-7064.541266	-7064.541266	0
LOC551100	-3016.780228	-3014.394452	4.77155
LOC551114	-2324.627908	-2324.627908	0
LOC551116	-3520.020361	-3520.020361	0
LOC551133	-4746.173594	-4746.173594	0
LOC551177	-1930.592268	-1929.414301	2.35593
LOC551194	-6825.520823	-6824.616097	1.80945
LOC551198	-3718.029783	-3718.029783	0
LOC551207	-9937.925936	-9937.520536	0.8108
LOC551208	-4445.762798	-4445.762798	0
LOC551212	-8443.687216	-8443.687216	0
LOC551219	-7522.209979	-7522.149549	0.12086
LOC551231	-4945.911266	-4943.920766	3.981
LOC551248	-1832.321575	-1832.321575	0
LOC551276	-6594.965869	-6594.965869	0
LOC551290	-5730.979176	-5724.507826	12.9427
LOC551304	-616.721088	-616.716758	0.00866
LOC551314	-10210.572745	-10210.492467	0.160556
LOC551324	-5243.432354	-5243.300343	0.264022
LOC551353	-2672.366715	-2672.366715	0
LOC551364	-5759.983012	-5759.983012	0
LOC551379	-6007.471050	-6007.471050	0
LOC551381	-1151.488140	-1151.488140	0
LOC551384	-4599.871632	-4599.871632	0
LOC551392	-5845.862091	-5845.862091	0
LOC551395	-6402.009948	-6399.910823	4.19825
LOC551398	-14748.612988	-14748.612988	0
LOC551405	-6988.854630	-6988.854630	0
LOC551413	-2005.636036	-2005.636036	0
LOC551414	-4317.138958	-4317.138958	0
LOC551416	-6699.345864	-6699.345864	0
LOC551425	-12984.322007	-12984.322007	0
LOC551426	-4219.831595	-4213.531932	12.5993
LOC551435	-7493.115149	-7491.211978	3.80634
LOC551439	-4176.592202	-4175.290779	2.60285
LOC551441	-3476.370601	-3476.370601	0
LOC551445	-3839.603805	-3839.603805	0
LOC551447	-5453.958311	-5453.958311	0
LOC551448	-3110.713180	-3110.713180	0
LOC551452	-4859.549484	-4853.299305	12.5004
LOC551457	-4511.732459	-4511.732459	0
LOC551467	-4958.800524	-4958.761229	0.07859
LOC551484	-8683.954783	-8682.676892	2.55578
LOC551500	-12793.706199	-12793.706199	0
LOC551501	-2174.829876	-2174.829876	0
LOC551517	-5424.475768	-5424.475768	0
LOC551530	-22894.863401	-22894.863401	0
LOC551549	-6432.180947	-6432.180947	0
LOC551554	-1774.853980	-1774.853980	0
LOC551578	-9663.689156	-9629.113988	69.1503
LOC551581	-6621.222420	-6621.222420	0
LOC551589	-2400.318783	-2400.318783	0
LOC551602	-7255.889288	-7253.985746	3.80708
LOC551603	-2249.834883	-2249.834883	0
LOC551607	-1222.491840	-1222.491840	0
LOC551608	-5542.024133	-5542.024133	0
LOC551618	-6345.892063	-6343.867439	4.04925
LOC551619	-11126.395262	-11122.030585	8.72935
LOC551629	-16520.850164	-16520.850164	0
LOC551631	-8651.423140	-8651.423140	0
LOC551642	-5156.758688	-5156.485205	0.546966
LOC551662	-3116.432283	-3116.432283	0
LOC551664	-4228.587715	-4228.587715	0
LOC551668	-12719.346021	-12718.288518	2.11501
LOC551679	-2570.971551	-2570.971551	0
LOC551683	-4677.278563	-4677.278563	0
LOC551695	-775.176371	-775.176371	0
LOC551699	-5560.253584	-5560.253584	0
LOC551709	-13590.167981	-13587.984528	4.36691
LOC551712	-6050.674577	-6050.537341	0.274472
LOC551721	-5469.215878	-5469.215878	0
LOC551732	-4440.212875	-4440.212875	0
LOC551749	-8040.320062	-8040.320062	0
LOC551753	-18538.406684	-18538.406684	0
LOC551755	-1413.368783	-1413.368783	0
LOC551757	-2041.452478	-2040.203743	2.49747
LOC551794	-2252.561060	-2252.561060	0
LOC551806	-4515.682877	-4515.682877	0
LOC551815	-5100.188462	-5100.188462	0
LOC551817	-1586.059216	-1586.059216	0
LOC551819	-5327.896417	-5327.896416	2e-06
LOC551827	-4298.262104	-4296.350887	3.82243
LOC551847	-4567.746719	-4567.746719	0
LOC551872	-3586.193036	-3586.193036	0
LOC551882	-3007.609915	-3007.609915	0
LOC551890	-5382.380737	-5379.769851	5.22177
LOC551892	-3561.105011	-3561.105011	0
LOC551898	-1358.355243	-1358.355243	0
LOC551912	-1038.928167	-1038.465398	0.925538
LOC551922	-2202.950653	-2201.163502	3.5743
LOC551952	-3786.626467	-3786.626467	0
LOC551961	-1620.471264	-1620.471264	0
LOC551962	-2938.997279	-2937.407638	3.17928
LOC551964	-7895.612756	-7894.722407	1.7807
LOC551969	-7049.429290	-7045.173617	8.51135
LOC551970	-15416.455059	-15415.637314	1.63549
LOC551972	-5728.438505	-5728.438505	0
LOC551980	-3298.706962	-3298.706962	0
LOC551982	-2491.908832	-2491.536278	0.745108
LOC551986	-4592.076395	-4592.076395	0
LOC552000	-2614.237821	-2613.131572	2.2125
LOC552003	-3016.806541	-3004.552219	24.5086
LOC552009	-3762.738141	-3760.273874	4.92853
LOC552036	-5938.658161	-5938.244174	0.827974
LOC552043	-3823.984709	-3822.705601	2.55822
LOC552051	-3771.684732	-3771.684732	0
LOC552056	-6047.829050	-6047.829050	0
LOC552062	-5448.886495	-5448.013261	1.74647
LOC552091	-4498.432518	-4498.399415	0.066206
LOC552093	-3918.417770	-3909.804623	17.2263
LOC552095	-16150.593126	-16147.722356	5.74154
LOC552124	-3112.807281	-3112.807281	0
LOC552138	-1834.533773	-1834.533773	0
LOC552139	-3882.909767	-3882.909767	0
LOC552141	-3434.614367	-3434.614367	0
LOC552144	-6855.763131	-6854.238070	3.05012
LOC552145	-2053.281039	-2053.281039	0
LOC552150	-4889.374384	-4888.219082	2.3106
LOC552156	-6458.240194	-6458.239403	0.001582
LOC552161	-1464.731500	-1464.731500	0
LOC552163	-5993.102242	-5993.102242	0
LOC552180	-1768.991127	-1768.909058	0.164138
LOC552181	-3411.406559	-3411.406559	0
LOC552191	-4871.518328	-4870.969848	1.09696
LOC552194	-6181.433071	-6169.471174	23.9238
LOC552196	-2468.887919	-2468.887919	0
LOC552197	-4251.524216	-4250.594114	1.8602
LOC552204	-1887.063193	-1885.491287	3.14381
LOC552213	-2025.576318	-2025.576318	0
LOC552237	-2364.537343	-2362.324672	4.42534
LOC552245	-8795.045931	-8795.045931	0
LOC552246	-4615.861327	-4615.861327	0
LOC552247	-9222.561250	-9222.561250	0
LOC552249	-18850.819053	-18842.201052	17.236
LOC552254	-5443.919268	-5443.919268	0
LOC552263	-4100.475087	-4100.475087	0
LOC552278	-4537.856298	-4537.856298	0
LOC552283	-3853.457234	-3853.457234	0
LOC552315	-3617.009733	-3617.009733	0
LOC552327	-4880.145997	-4877.125970	6.04005
LOC552348	-2190.673094	-2190.673094	0
LOC552353	-1860.718676	-1860.718676	0
LOC552377	-4743.361916	-4743.361916	0
LOC552392	-5092.459151	-5089.642686	5.63293
LOC552398	-4583.327754	-4583.327754	0
LOC552403	-1389.656657	-1389.656657	0
LOC552410	-1334.923314	-1334.923314	0
LOC552413	-3971.542817	-3971.542816	2e-06
LOC552417	-7239.840721	-7239.437412	0.806618
LOC552419	-2051.224156	-2051.224156	0
LOC552424	-3298.656332	-3297.554039	2.20459
LOC552426	-2635.250354	-2635.250354	0
LOC552432	-5854.678867	-5854.403178	0.551378
LOC552441	-2883.112982	-2883.112982	0
LOC552443	-2459.606690	-2459.606690	0
LOC552449	-2513.453815	-2513.453815	0
LOC552451	-4833.470261	-4833.470261	0
LOC552455	-7512.951524	-7506.343556	13.2159
LOC552460	-1443.247526	-1442.479111	1.53683
LOC552476	-1284.684565	-1280.267924	8.83328
LOC552479	-9847.448958	-9847.448958	0
LOC552485	-5728.734576	-5728.734576	0
LOC552488	-5054.395820	-5053.885714	1.02021
LOC552495	-10445.062204	-10445.062204	0
LOC552496	-9506.183493	-9503.886790	4.59341
LOC552501	-1707.700006	-1707.700006	0
LOC552510	-7506.675366	-7505.233218	2.8843
LOC552511	-3715.391553	-3715.372544	0.038018
LOC552516	-3837.949600	-3837.949600	0
LOC552520	-4010.509596	-4010.509596	0
LOC552522	-7294.522911	-7293.600562	1.8447
LOC552528	-8221.948983	-8221.948983	0
LOC552529	-1439.437365	-1433.912979	11.0488
LOC552531	-1155.409797	-1154.181888	2.45582
LOC552533	-6635.385535	-6633.694733	3.3816
LOC552549	-5888.856177	-5888.856177	0
LOC552551	-1412.713558	-1411.966528	1.49406
LOC552562	-5279.608609	-5279.608609	0
LOC552566	-6584.671858	-6584.671858	0
LOC552571	-7665.637143	-7630.317502	70.6393
LOC552590	-4499.235790	-4497.059263	4.35305
LOC552592	-7853.289121	-7853.289092	5.8e-05
LOC552599	-1710.907778	-1710.907778	0
LOC552607	-3788.264910	-3788.264910	0
LOC552641	-5470.552968	-5466.625868	7.8542
LOC552643	-9171.205322	-9170.985815	0.439014
LOC552654	-2657.296058	-2656.552837	1.48644
LOC552656	-6489.802494	-6483.213652	13.1777
LOC552658	-12951.790055	-12951.605562	0.368986
LOC552662	-5092.126825	-5092.126825	0
LOC552674	-12023.049003	-12019.653748	6.79051
LOC552686	-2401.361332	-2401.361332	0
LOC552688	-3353.776122	-3353.776122	0
LOC552696	-5000.186759	-5000.186759	0
LOC552715	-3718.026177	-3718.026177	0
LOC552719	-1356.259252	-1356.259252	0
LOC552720	-2773.399575	-2773.399575	0
LOC552721	-2724.317033	-2724.317033	0
LOC552723	-6989.671699	-6989.671699	0
LOC552725	-7219.506176	-7219.506176	0
LOC552730	-1987.929449	-1987.929449	0
LOC552734	-3613.250089	-3613.250089	0
LOC552745	-5320.295395	-5320.295395	0
LOC552747	-8785.620423	-8783.854117	3.53261
LOC552748	-5417.226219	-5416.932967	0.586504
LOC552756	-5468.792003	-5467.116931	3.35014
LOC552766	-5316.948265	-5316.948265	0
LOC552769	-3739.189227	-3739.189227	0
LOC552772	-1496.768914	-1496.768914	0
LOC552776	-7493.154095	-7493.154095	0
LOC552779	-1769.342004	-1769.342004	0
LOC552787	-10197.929906	-10197.921357	0.017098
LOC552794	-14955.173125	-14955.173120	1e-05
LOC552797	-3951.021346	-3951.021343	6e-06
LOC552802	-1571.112122	-1571.112122	0
LOC552804	-5440.023345	-5440.023345	0
LOC552807	-1732.037451	-1732.037451	0
LOC552827	-649.007090	-648.712711	0.588758
LOC552832	-4644.741554	-4644.741554	0
LOC552839			0
LOC724169	-2674.784598	-2673.346348	2.8765
LOC724170	-5168.420284	-5168.375479	0.08961
LOC724188	-1179.836839	-1179.836839	0
LOC724215	-19324.333201	-19316.366512	15.9334
LOC724216	-4452.512992	-4451.573708	1.87857
LOC724218	-4694.992141	-4694.992141	0
LOC724239	-5511.726090	-5510.840558	1.77106
LOC724241	-1181.246458	-1181.246458	0
LOC724247	-7254.970477	-7252.584977	4.771
LOC724256	-2897.455321	-2897.455321	0
LOC724291	-5076.180347	-5076.180347	0
LOC724292	-5274.380597	-5274.380597	0
LOC724296	-9736.097757	-9734.804376	2.58676
LOC724303	-1623.555438	-1623.555438	0
LOC724323	-4953.133234	-4950.053574	6.15932
LOC724339	-7436.772783	-7436.772783	0
LOC724341	-3285.514807	-3285.071994	0.885626
LOC724343	-1742.915606	-1742.915606	0
LOC724350	-2653.184104	-2653.184104	0
LOC724365	-1522.771481	-1522.771481	0
LOC724366	-1865.377905	-1865.377902	6e-06
LOC724386	-3061.661170	-3061.399453	0.523434
LOC724407	-175.071995	-174.987996	0.167998
LOC724408	-1514.739114	-1514.739114	0
LOC724423	-25722.671961	-25722.560634	0.222654
LOC724432	-4440.486102	-4438.937374	3.09746
LOC724443	-4990.301585	-4989.633980	1.33521
LOC724486	-1580.545459	-1580.295979	0.49896
LOC724488	-3317.414295	-3317.101103	0.626384
LOC724496	-6301.501941	-6301.323783	0.356316
LOC724510	-13875.213507	-13874.879123	0.668768
LOC724533	-1635.601272	-1635.601272	0
LOC724542	-9430.748148	-9429.248700	2.9989
LOC724625	-693.014415	-693.014415	0
LOC724630	-1306.240236	-1306.240236	0
LOC724648	-2501.380828	-2501.380828	0
LOC724654	-1840.016823	-1837.212427	5.60879
LOC724656	-11837.033221	-11837.033221	0
LOC724700	-5595.488912	-5595.488912	0
LOC724703	-8127.029777	-8127.029777	0
LOC724704	-5423.795086	-5423.795086	0
LOC724710	-3303.767926	-3303.767926	0
LOC724741	-9711.042761	-9711.042761	0
LOC724742	-4390.363114	-4390.363114	0
LOC724769	-1441.037036	-1441.037036	0
LOC724786	-1656.353639	-1656.150513	0.406252
LOC724790	-3182.924885	-3181.565658	2.71845
LOC724794	-1272.723455	-1262.546754	20.3534
LOC724798	-5219.434417	-5217.258288	4.35226
LOC724809	-9256.184461	-9255.755765	0.857392
LOC724827	-2957.967002	-2957.541999	0.850006
LOC724863	-8313.337818	-8312.494507	1.68662
LOC724865	-13065.458042	-13065.458042	0
LOC724885	-3015.802335	-3015.802335	0
LOC724888	-1163.770834	-1163.770834	0
LOC724891	-7419.642892	-7419.469097	0.34759
LOC724896	-901.492393	-901.492393	0
LOC724926	-10600.063743	-10598.827824	2.47184
LOC724930	-8432.039591	-8429.660134	4.75891
LOC724932	-5569.903917	-5568.956391	1.89505
LOC724947	-3716.015389	-3715.992495	0.045788
LOC724948	-10897.216394	-10897.216394	0
LOC724953	-2907.802663	-2907.802663	0
LOC724954	-1912.616839	-1911.878928	1.47582
LOC725023	-5979.156928	-5979.156928	0
LOC725026	-5293.066099	-5293.066099	0
LOC725044	-5836.192503	-5836.192503	0
LOC725055	-610.327915	-610.327915	0
LOC725111	-11571.815023	-11570.765581	2.09888
LOC725142	-937.014352	-937.014352	0
LOC725143	-4412.359820	-4410.701089	3.31746
LOC725146	-4314.786869	-4308.043014	13.4877
LOC725149	-12536.371234	-12535.377005	1.98846
LOC725178	-8411.402708	-8411.090652	0.624112
LOC725184	-1254.613416	-1254.613416	0
LOC725204	-4052.429164	-4052.429164	0
LOC725216	-23582.930105	-23574.611847	16.6365
LOC725238	-4057.690362	-4057.671632	0.03746
LOC725240	-1341.574754	-1340.497717	2.15407
LOC725261	-1903.886975	-1903.886975	0
LOC725266	-1594.965695	-1594.940393	0.050604
LOC725306	-25337.641941	-25335.577669	4.12854
LOC725316	-1529.755444	-1528.060301	3.39029
LOC725320	-9134.986750	-9134.986750	0
LOC725325	-6962.044002	-6962.044002	0
LOC725330	-6684.962430	-6684.962430	0
LOC725343	-7633.040390	-7615.530458	35.0199
LOC725345	-1108.351047	-1108.340415	0.021264
LOC725348	-5127.508584	-5127.508584	0
LOC725362	-3369.829217	-3369.829217	0
LOC725363	-4365.735103	-4365.161804	1.1466
LOC725368	-5182.220758	-5182.220758	0
LOC725374	-2601.439699	-2601.439699	0
LOC725388	-8559.151532	-8559.151532	0
LOC725416	-1614.225032	-1614.225032	0
LOC725459	-3233.259438	-3233.259438	0
LOC725477	-7614.911418	-7613.975299	1.87224
LOC725478	-2649.364598	-2648.578954	1.57129
LOC725486	-10202.881805	-10201.953413	1.85678
LOC725491	-2186.573461	-2186.551574	0.043774
LOC725496	-5601.474529	-5590.149536	22.65
LOC725505	-3026.498037	-3025.860444	1.27519
LOC725512	-7064.674252	-7064.674252	0
LOC725529	-3798.624128	-3798.624128	0
LOC725539	-7689.309123	-7685.570069	7.47811
LOC725551	-2734.510819	-2734.510819	0
LOC725552	-9505.929431	-9494.346772	23.1653
LOC725566	-1886.021029	-1883.166976	5.70811
LOC725569	-4842.419093	-4842.419093	0
LOC725571	-5648.507227	-5648.507227	0
LOC725572	-1223.951928	-1223.825602	0.252652
LOC725576	-8936.237112	-8936.237112	0
LOC725603	-2563.114090	-2562.731134	0.765912
LOC725609	-852.022214	-852.022214	0
LOC725611	-20479.410373	-20476.238753	6.34324
LOC725612	-13450.983037	-13450.188183	1.58971
LOC725628	-3090.847567	-3090.847567	0
LOC725633	-1653.203143	-1653.124197	0.157892
LOC725641	-1089.461614	-1089.461614	0
LOC725661	-7089.217320	-7086.797499	4.83964
LOC725686	-929.313208	-929.313208	0
LOC725688	-2401.976353	-2401.976353	0
LOC725690	-4187.158263	-4185.210405	3.89572
LOC725701	-7079.542405	-7079.542405	0
LOC725705	-1294.908540	-1294.908540	0
LOC725719	-14074.361215	-14073.636151	1.45013
LOC725744	-2708.708848	-2708.708848	0
LOC725753	-3534.661710	-3534.661710	0
LOC725756	-6753.480454	-6750.212602	6.5357
LOC725770	-9183.408364	-9183.408364	0
LOC725780	-4299.009893	-4299.009893	0
LOC725801	-4896.968354	-4896.615797	0.705114
LOC725835	-1358.767738	-1358.767738	0
LOC725856	-1569.432461	-1569.432429	6.4e-05
LOC725880	-784.867809	-784.867809	0
LOC725881	-3508.838027	-3508.086197	1.50366
LOC725896	-6163.455666	-6163.455666	0
LOC725899	-5338.265900	-5338.265900	0
LOC725922	-7228.435132	-7228.435132	0
LOC725942	-1797.130880	-1797.130880	0
LOC725947	-700.067716	-697.807639	4.52015
LOC726002	-14683.007079	-14683.007079	0
LOC726015	-3666.180298	-3665.147980	2.06464
LOC726030	-9864.006190	-9864.006190	0
LOC726040	-12598.347422	-12597.570589	1.55367
LOC726061	-1378.641327	-1378.641327	0
LOC726095	-4072.112815	-4072.112815	0
LOC726102	-7506.414730	-7506.414730	0
LOC726118	-1705.996099	-1705.996099	0
LOC726131	-1224.373402	-1224.010124	0.726556
LOC726163	-3000.529874	-3000.529874	0
LOC726164	-2472.879987	-2469.298677	7.16262
LOC726167	-3204.232903	-3192.436951	23.5919
LOC726172	-4147.811510	-4147.811510	0
LOC726187	-9028.449981	-9027.615588	1.66879
LOC726197	-2041.996379	-2041.996379	0
LOC726205	-3190.296600	-3190.296600	0
LOC726212	-8576.386180	-8576.386180	0
LOC726221	-1609.353990	-1609.353990	0
LOC726227	-6977.898478	-6977.898478	0
LOC726237	-3814.349961	-3814.349961	0
LOC726239	-3954.007109	-3953.158670	1.69688
LOC726240	-1801.650755	-1796.575099	10.1513
LOC726253	-2813.190800	-2813.190800	0
LOC726255	-5104.505643	-5103.224250	2.56279
LOC726289	-2508.683785	-2508.683785	0
LOC726302	-2532.374711	-2529.656282	5.43686
LOC726303	-3610.126202	-3610.111854	0.028696
LOC726310	-12844.709104	-12840.414375	8.58946
LOC726315	-7369.973380	-7369.973380	0
LOC726352	-3609.658429	-3609.658429	0
LOC726380	-4383.990472	-4382.505591	2.96976
LOC726389	-5695.637072	-5695.637072	0
LOC726409	-1904.633285	-1904.633285	0
LOC726414	-11947.244747	-11943.928301	6.63289
LOC726418	-6037.664042	-6037.364366	0.599352
LOC726428	-2638.918324	-2638.918324	0
LOC726497	-27790.772343	-27790.234315	1.07606
LOC726498	-1537.008083	-1534.714365	4.58744
LOC726500	-1422.111140	-1422.111140	0
LOC726540	-15843.071507	-15843.071507	0
LOC726562	-8078.672210	-8078.672210	0
LOC726579	-8550.716630	-8550.716630	0
LOC726583	-10073.443306	-10068.817718	9.25118
LOC726609	-1841.205388	-1841.050500	0.309776
LOC726626	-2254.746498	-2254.180290	1.13242
LOC726637	-9594.348120	-9593.690130	1.31598
LOC726666	-916.889857	-916.889857	0
LOC726720	-1792.199479	-1784.958765	14.4814
LOC726721	-686.181886	-686.181886	0
LOC726742	-13841.122255	-13838.502733	5.23904
LOC726747	-1758.495851	-1758.495851	0
LOC726754	-4806.137941	-4805.555818	1.16425
LOC726760	-8981.153440	-8978.616754	5.07337
LOC726800	-4908.715122	-4907.518344	2.39356
LOC726811	-4441.084608	-4441.084608	0
LOC726812	-6198.628794	-6198.628794	0
LOC726822	-2817.252283	-2817.252283	0
LOC726826	-5687.278269	-5687.278269	0
LOC726850	-1877.862162	-1877.862162	0
LOC726869	-7608.695253	-7608.695253	0
LOC726872	-2536.548186	-2536.548186	0
LOC726887	-3256.350315	-3253.974253	4.75212
LOC726890	-4039.218269	-4039.218269	0
LOC726923	-1197.422960	-1196.968620	0.90868
LOC726928	-12030.064759	-12024.781026	10.5675
LOC726947	-7490.255347	-7488.987848	2.535
LOC726958	-2631.326238	-2631.326238	0
LOC726983	-7619.819735	-7618.135578	3.36831
LOC726999	-3885.773775	-3885.773775	0
LOC727004	-2400.974085	-2399.422389	3.10339
LOC727009	-9840.046058	-9837.815253	4.46161
LOC727022	-8908.941049	-8908.016341	1.84942
LOC727025	-589.044256	-589.044256	0
LOC727027	-8366.701336	-8347.073642	39.2554
LOC727048	-3679.254690	-3679.254690	0
LOC727116	-2541.905931	-2541.597787	0.616288
LOC727122	-1120.547832	-1119.209533	2.6766
LOC727146	-10203.759191	-10203.759191	0
LOC727186	-1443.742690	-1442.669173	2.14703
LOC727229	-9288.722622	-9288.653741	0.137762
LOC727237	-6714.048028	-6712.933759	2.22854
LOC727238	-25794.072643	-25793.235414	1.67446
LOC727299	-5615.398711	-5615.398711	0
LOC727303	-5355.630358	-5354.849667	1.56138
LOC727320	-7659.974964	-7659.718014	0.5139
LOC727378	-933.098341	-933.079156	0.03837
LOC727396	-14790.707440	-14790.707440	0
LOC727420	-4412.367365	-4409.935079	4.86457
LOC727456	-281.270200	-281.270200	0
LOC727495	-11491.655248	-11491.653155	0.004186
LOC727539	-3919.460214	-3914.650966	9.6185
LOC727582	-4871.524689	-4871.524689	0
LOC727622	-5672.086679	-5672.086679	0
LOC727634	-5973.321589	-5970.941519	4.76014
LOC727652	-17791.678501	-17787.772835	7.81133
NOS	-14242.762001	-14241.561126	2.40175
PGRP-S3	-2050.459064	-2049.079782	2.75856
Ppib	-2074.794769	-2074.794769	0
PPO	-8216.806417	-8216.806417	0
Pten	-1746.070818	-1746.070818	0
Rnft2	-6015.670612	-6014.151543	3.03814
RpL35	-1630.643874	-1627.825004	5.63774
Smb	-1754.295330	-1754.295329	2e-06
Snf	-2314.796297	-2314.796268	5.8e-05
STT3B	-7329.496637	-7329.496637	0
Tpi	-2707.549911	-2707.464048	0.171726
Tspan6	-4810.333620	-4807.900396	4.86645
Usp	-4580.495654	-4580.184591	0.622126
Vg	-42692.337019	-42677.129996	30.414
Vha16	-1298.027822	-1298.027822	0
