Gene	lnL_Null	lnL_Alt	LRT
Arp1	-3666.895151	-3666.895150	2e-06
B-gluc1	-8574.636901	-8574.636901	0
Cox6c	-1488.901464	-1488.901464	0
CPR14	-1855.609785	-1855.609785	0
CPR19	-3269.799921	-3269.799921	0
CSP6	-1979.453282	-1979.439381	0.027802
CytC	-1423.408358	-1423.408358	0
Dcr-1	-17140.612445	-17140.612445	0
Dl	-10531.140717	-10531.140717	0
Dnmt3	-9956.379576	-9956.379576	0
Ecr	-4687.473094	-4687.473094	0
egh	-5751.012843	-5751.012843	0
FAR1	-7148.073933	-7148.073933	0
Gat-1B	-7489.329107	-7489.329107	0
Gat-a	-7591.100997	-7591.100997	0
Gfat2	-9215.081440	-9215.081440	0
GlnS	-5422.376661	-5422.376661	0
GstD1	-4396.694065	-4396.694065	0
GstS4	-3263.850785	-3263.850785	0
Imd	-4527.773670	-4527.773670	0
Jtb	-8379.713274	-8379.713274	0
KAT2A	-9558.712554	-9558.712554	0
LOC100379261	-6102.187588	-6102.187588	0
LOC100576099	-2096.776029	-2096.776029	0
LOC100576186	-7579.085033	-7579.085033	0
LOC100576195	-1541.257745	-1533.701825	15.1118
LOC100576337	-3442.616514	-3442.616514	0
LOC100576383	-6944.530825	-6944.530825	0
LOC100576411	-9064.980305	-9064.980305	0
LOC100576527	-8834.824689	-8832.459691	4.73
LOC100576646	-3361.554338	-3361.554338	0
LOC100576649	-8765.084493	-8764.850061	0.468864
LOC100576660	-9031.583100	-9031.583100	0
LOC100576742	-15610.428593	-15610.428593	0
LOC100576795	-3885.548313	-3885.502816	0.090994
LOC100576801	-3753.661082	-3753.661082	0
LOC100576818	-4880.620258	-4880.620258	0
LOC100576819	-7688.369443	-7688.369443	0
LOC100576826	-3583.492090	-3583.492090	0
LOC100576862	-6294.254304	-6294.254304	0
LOC100577002	-8142.900256	-8142.900256	0
LOC100577019			0
LOC100577050	-8149.907725	-8149.907725	0
LOC100577053	-9032.025926	-9032.025926	0
LOC100577136	-5989.882363	-5989.882363	0
LOC100577140	-8782.047085	-8782.047085	0
LOC100577174	-18805.352855	-18805.352855	0
LOC100577196	-9775.749820	-9775.749820	0
LOC100577401	-16692.906840	-16692.906840	0
LOC100577423	-5058.934534	-5058.934534	0
LOC100577481	-7678.504551	-7678.504551	0
LOC100577493	-9552.689177	-9552.689177	0
LOC100577519			0
LOC100577687	-7342.107846	-7342.107846	0
LOC100577690	-2328.074265	-2328.074265	0
LOC100577763	-37597.451081	-37597.451081	0
LOC100577764	-1764.959430	-1764.959431	-2e-06
LOC100577841	-4300.372650	-4300.372650	0
LOC100577870	-1455.706144	-1455.706144	0
LOC100577972	-67394.396140	-67394.396139	1.99999e-06
LOC100578030	-5503.558002	-5503.558002	0
LOC100578035	-3697.346076	-3697.346076	0
LOC100578071	-27467.118086	-27467.118086	0
LOC100578156	-4120.586474	-4120.586474	0
LOC100578168	-2228.421622	-2228.421622	0
LOC100578209	-4743.144605	-4743.144605	0
LOC100578215	-6356.152001	-6356.152001	0
LOC100578235	-1919.028768	-1919.028768	0
LOC100578255	-23337.019483	-23337.019483	0
LOC100578277	-1115.865452	-1115.865452	0
LOC100578329	-9299.773684	-9299.773684	0
LOC100578356	-19595.270899	-19595.270899	0
LOC100578380	-2966.578298	-2966.578250	9.6e-05
LOC100578433	-22943.871008	-22943.871008	0
LOC100578450	-11515.890750	-11515.890749	2e-06
LOC100578537	-11222.043841	-11222.043841	0
LOC100578560	-1648.056345	-1647.851621	0.409448
LOC100578586	-10979.773242	-10978.193702	3.15908
LOC100578697	-2796.427858	-2795.673566	1.50858
LOC100578725	-1133.919051	-1133.919051	0
LOC100578875	-4993.657169	-4993.657169	0
LOC100578893	-11053.266450	-11053.266450	0
LOC102653793	-5578.406145	-5578.406145	0
LOC102653879	-4449.539106	-4449.539106	0
LOC102653930	-1477.985645	-1477.985645	0
LOC102653951			0
LOC102654014	-3590.849860	-3590.849860	0
LOC102654165	-4722.677037	-4722.677037	0
LOC102654312	-5273.731885	-5272.923533	1.6167
LOC102654349	-959.008669	-959.008669	0
LOC102654365	-8188.846620	-8188.846620	0
LOC102654610	-3855.882052	-3855.882052	0
LOC102654621	-6702.224330	-6702.224326	8e-06
LOC102654987	-2046.651601	-2046.651601	0
LOC102655219	-4878.798431	-4878.798431	0
LOC102655244	-9660.934883	-9660.677612	0.514542
LOC102655259	-9880.112744	-9880.112744	0
LOC102655470			0
LOC102655679	-3353.133872	-3353.133872	0
LOC102655688	-7853.554312	-7853.554312	0
LOC102655836	-6361.780634	-6361.780634	0
LOC102655877	-4944.481257	-4944.481257	0
LOC102655904			0
LOC102655948	-4157.248048	-4157.248048	0
LOC102656183	-1840.656511	-1836.534547	8.24393
LOC102656263	-2862.010085	-2862.010085	0
LOC102656287	-1672.350504	-1672.350469	7e-05
LOC107963993	-5522.700037	-5522.700034	6e-06
LOC107964089	-2767.731901	-2767.731901	0
LOC107964507	-1443.433677	-1443.433677	0
LOC107965021	-1491.637550	-1491.637550	0
LOC107965199	-9226.334030	-9226.334030	0
LOC107965225	-2528.529653	-2528.529653	0
LOC107965250	-5535.562172	-5535.562172	0
LOC107965266	-6707.406378	-6707.406378	0
LOC107965508	-3967.835778	-3967.835778	0
LOC107965749	-5552.023339	-5552.023337	4e-06
LOC107965828	-3755.987479	-3755.987479	0
LOC113218526	-11246.567405	-11246.567405	0
LOC113218534	-4989.843772	-4989.843772	0
LOC113218670	-2779.490574	-2778.716696	1.54776
LOC406097	-8167.501596	-8167.501596	0
LOC406114	-9792.152298	-9790.926635	2.45133
LOC408271	-6691.074088	-6691.074071	3.4e-05
LOC408286	-12232.238344	-12232.238340	8e-06
LOC408303	-5194.067792	-5194.067792	0
LOC408312	-7852.844537	-7852.844537	0
LOC408355	-5887.085703	-5887.085703	0
LOC408358	-19065.335622	-19064.243069	2.18511
LOC408369	-3172.535445	-3172.535445	0
LOC408391	-4454.575432	-4454.575727	-0.00059
LOC408402	-7159.048748	-7159.048748	0
LOC408421	-9021.992413	-9014.866270	14.2523
LOC408426	-3245.637329	-3245.637329	0
LOC408434	-5856.884851	-5856.884851	0
LOC408438	-14424.938326	-14424.938326	0
LOC408458	-13000.836896	-13000.836895	2e-06
LOC408461	-3730.637958	-3730.594518	0.08688
LOC408474	-9904.118529	-9904.118529	0
LOC408501	-15066.180398	-15066.180398	0
LOC408511	-3733.282778	-3733.282778	0
LOC408520	-3360.124023	-3358.754530	2.73899
LOC408533	-16632.554110	-16632.554110	0
LOC408573	-2867.658109	-2867.658109	0
LOC408575	-4881.542644	-4881.542644	0
LOC408592	-6449.645667	-6449.645667	0
LOC408597	-4363.704712	-4363.704712	0
LOC408649	-7009.851912	-7009.851912	0
LOC408661	-9178.217429	-9178.217429	0
LOC408668	-11328.530079	-11328.530079	0
LOC408687	-3725.153003	-3725.153003	0
LOC408717	-3369.198180	-3369.198180	0
LOC408741	-4276.771064	-4276.771064	0
LOC408742	-8631.943344	-8631.943344	0
LOC408748	-2007.502577	-2007.317771	0.369612
LOC408766	-2711.239593	-2711.239593	0
LOC408774	-41884.236611	-41884.236610	2e-06
LOC408785	-3382.011639	-3382.011639	0
LOC408791	-15396.618502	-15396.618398	0.000208
LOC408793	-11757.993996	-11757.993996	0
LOC408804	-12019.666968	-12014.038613	11.2567
LOC408808	-14417.253485	-14416.459093	1.58878
LOC408815	-18478.003124	-18478.003124	0
LOC408819	-2244.097422	-2244.097422	0
LOC408827	-3216.265689	-3216.265688	2e-06
LOC408833	-3062.368225	-3062.368225	0
LOC408834	-4232.171697	-4232.171697	0
LOC408851	-1543.492701	-1543.492701	0
LOC408871	-5894.250722	-5891.736641	5.02816
LOC408892	-5274.232943	-5274.232943	0
LOC408906	-7500.557315	-7500.557315	0
LOC408924	-6091.417139	-6091.417139	0
LOC408925	-9687.336579	-9687.336567	2.4e-05
LOC408955	-6712.312028	-6712.312028	0
LOC408971	-2077.631730	-2077.631730	0
LOC408979	-5551.714622	-5551.714622	0
LOC408989	-9923.140842	-9923.140841	2e-06
LOC409004	-1719.289538	-1719.289538	0
LOC409023	-5134.326837	-5134.326043	0.001588
LOC409026	-3227.021027	-3227.021027	0
LOC409032	-11854.565392	-11854.565392	0
LOC409036	-1422.459911	-1422.459910	2e-06
LOC409041	-3908.980493	-3908.980493	0
LOC409055	-4804.729447	-4804.729447	0
LOC409068	-4634.574404	-4634.574404	0
LOC409098	-13359.480709	-13359.480709	0
LOC409103	-4365.739591	-4365.739591	0
LOC409125	-17263.863740	-17263.863740	0
LOC409157	-7989.873929	-7989.873929	0
LOC409165	-5614.681229	-5614.681229	0
LOC409179	-5796.816843	-5796.816843	0
LOC409180	-6528.065366	-6528.065366	0
LOC409189	-5527.150008	-5526.109092	2.08183
LOC409196	-7741.355932	-7741.355932	0
LOC409201	-1896.510199	-1896.510167	6.4e-05
LOC409203	-8524.988661	-8524.988661	0
LOC409226	-7893.508344	-7893.392858	0.230972
LOC409245	-4574.761553	-4574.761553	0
LOC409249	-13677.059956	-13677.059955	2e-06
LOC409260	-6636.917241	-6636.917241	0
LOC409263	-3953.062591	-3953.062591	0
LOC409265	-7543.134628	-7543.134628	0
LOC409270	-5555.566643	-5555.566643	0
LOC409271	-24425.369465	-24425.369424	8.2e-05
LOC409286	-3555.284784	-3555.284784	0
LOC409292	-4088.809379	-4088.809379	0
LOC409308	-763.917338	-763.917338	0
LOC409320	-3031.763668	-3031.763668	0
LOC409329	-3775.388341	-3775.388341	0
LOC409334	-9977.738090	-9975.239389	4.9974
LOC409336	-3568.257186	-3568.257186	0
LOC409341	-5693.814529	-5693.814529	0
LOC409361	-2637.618142	-2637.618142	0
LOC409365	-14233.188365	-14231.928283	2.52016
LOC409373	-3673.678207	-3673.678207	0
LOC409377	-7366.958655	-7366.958655	0
LOC409386	-1132.587832	-1132.587831	2e-06
LOC409388	-3110.252307	-3110.252307	0
LOC409393	-26690.669362	-26690.669362	0
LOC409410	-5483.691778	-5483.691778	0
LOC409411	-3634.635429	-3634.635429	0
LOC409425	-11361.307368	-11359.125461	4.36381
LOC409427	-4578.029083	-4578.029083	0
LOC409441	-4701.489766	-4701.489766	0
LOC409465			0
LOC409488	-3499.333016	-3498.594206	1.47762
LOC409491	-4485.038911	-4483.041962	3.9939
LOC409495	-4292.422138	-4292.252225	0.339826
LOC409499	-4250.460048	-4250.460048	0
LOC409511	-3877.758592	-3877.758592	0
LOC409520	-2977.509781	-2977.509781	0
LOC409523	-3504.000336	-3504.000336	0
LOC409529	-1982.098259	-1982.098259	0
LOC409538	-1997.107512	-1997.107512	0
LOC409559	-6154.598250	-6154.598250	0
LOC409586	-2958.899688	-2958.787214	0.224948
LOC409607	-3253.800576	-3253.800576	0
LOC409633	-3129.596082	-3129.596082	0
LOC409643	-4873.153216	-4873.153216	0
LOC409662	-3267.073635	-3267.073635	0
LOC409667	-1189.899764	-1189.899764	0
LOC409670	-8493.397814	-8493.326524	0.14258
LOC409673	-31279.358964	-31278.524430	1.66907
LOC409689	-6430.558972	-6430.558972	0
LOC409704	-6899.837860	-6899.837860	0
LOC409724	-7595.207648	-7595.207648	0
LOC409726	-7547.879020	-7547.879019	2e-06
LOC409736	-5981.152386	-5981.152386	0
LOC409740	-3626.298516	-3626.298516	0
LOC409749	-1615.791945	-1615.791943	4e-06
LOC409762	-2220.877690	-2220.877690	0
LOC409769	-5938.610038	-5938.610038	0
LOC409791	-3376.900492	-3376.900493	-2e-06
LOC409795	-13935.890979	-13935.890979	0
LOC409814	-9405.539667	-9405.539667	0
LOC409833	-5599.832329	-5599.832329	0
LOC409838	-8522.598530	-8522.598530	0
LOC409852	-6705.347997	-6705.347997	0
LOC409857	-1348.936328	-1348.936328	0
LOC409860	-7696.703422	-7696.703422	0
LOC409863	-2786.673612	-2786.663740	0.019744
LOC409900	-2511.296806	-2511.296806	0
LOC409905	-7205.084688	-7205.084688	0
LOC409909	-4062.161600	-4062.161600	0
LOC409910	-1749.489935	-1749.489924	2.2e-05
LOC409911	-6223.501677	-6223.501677	0
LOC409920	-1198.586629	-1198.586629	0
LOC409924	-5834.668173	-5834.668173	0
LOC409925	-1963.376955	-1961.403496	3.94692
LOC409928	-9812.572728	-9812.572728	0
LOC409930	-2419.594008	-2412.402215	14.3836
LOC409941	-10078.100072	-10078.100072	0
LOC409945	-6606.534158	-6605.466420	2.13548
LOC409976	-3430.727711	-3430.727711	0
LOC410039	-5382.771767	-5382.771767	0
LOC410055	-3524.498809	-3524.498809	0
LOC410059	-5606.508456	-5606.508456	0
LOC410087	-3984.625169	-3984.625169	0
LOC410091	-4573.569455	-4573.569455	0
LOC410097	-17935.666701	-17934.976931	1.37954
LOC410105	-6457.878340	-6457.878340	0
LOC410107	-8859.367251	-8859.367244	1.4e-05
LOC410118	-6279.730417	-6277.866401	3.72803
LOC410155	-4.813935	-4.813935	0
LOC410157	-1649.285728	-1649.285728	0
LOC410159	-16598.514152	-16598.504230	0.019844
LOC410172	-5754.977053	-5754.977053	0
LOC410183	-19191.068290	-19191.068290	0
LOC410241	-1791.679326	-1791.679326	0
LOC410257	-4613.267434	-4613.267434	0
LOC410270	-7515.480086	-7515.480085	2e-06
LOC410283	-3340.137510	-3340.137510	0
LOC410286	-10663.082527	-10663.082527	0
LOC410289	-10186.659981	-10186.659981	0
LOC410337	-11376.560566	-11376.560566	0
LOC410338	-4591.568242	-4591.568242	0
LOC410371	-12243.597164	-12235.318930	16.5565
LOC410376	-3836.988904	-3836.988904	0
LOC410379	-11933.124175	-11933.124175	0
LOC410383	-7112.355678	-7112.329436	0.052484
LOC410395	-1772.909029	-1772.908703	0.000652
LOC410414	-11960.746015	-11960.384481	0.723068
LOC410420	-3315.362165	-3315.362165	0
LOC410451	-8134.184825	-8134.184825	0
LOC410456	-4976.688570	-4976.688570	0
LOC410470	-5494.340191	-5494.340191	0
LOC410484	-10049.142083	-10049.142083	0
LOC410485	-11483.921292	-11483.921292	0
LOC410510	-11042.918651	-11042.918651	0
LOC410512	-4899.231679	-4899.231679	0
LOC410525	-1721.438280	-1721.438280	0
LOC410538	-10302.302340	-10302.302340	0
LOC410542	-6070.488223	-6070.488223	0
LOC410550	-8437.843520	-8437.843520	0
LOC410561	-2757.336190	-2754.807035	5.05831
LOC410571	-16256.097757	-16256.097757	0
LOC410575	-3907.717005	-3907.717005	0
LOC410577	-2902.548281	-2902.548281	0
LOC410583	-6369.114582	-6369.114582	0
LOC410585	-21869.614910	-21869.614910	0
LOC410618	-5971.239664	-5968.386893	5.70554
LOC410630	-14546.467631	-14546.467626	1e-05
LOC410636	-1938.819407	-1938.819407	0
LOC410663	-1725.769620	-1725.758286	0.022668
LOC410664	-9273.385344	-9271.883947	3.00279
LOC410719	-5100.393223	-5100.393223	0
LOC410732	-5476.792068	-5476.792068	0
LOC410811	-9072.774012	-9057.470425	30.6072
LOC410812	-2066.347228	-2066.347227	2e-06
LOC410821	-3499.101418	-3499.051471	0.099894
LOC410837	-2914.327596	-2914.327596	0
LOC410860	-3839.074204	-3839.074204	0
LOC410879	-6016.284542	-6016.284542	0
LOC410907	-5267.282178	-5266.035904	2.49255
LOC410911	-5911.134387	-5911.134387	0
LOC410938	-6620.374189	-6620.374185	8e-06
LOC410940	-19512.803335	-19511.864969	1.87673
LOC410943	-3823.312985	-3823.312985	0
LOC410952	-4534.482787	-4532.034970	4.89563
LOC410969	-2271.352376	-2271.352376	0
LOC410973	-1734.051655	-1734.051655	0
LOC410985	-3802.884876	-3802.884876	0
LOC411043	-7237.731493	-7237.731494	-2e-06
LOC411048	-2873.923192	-2873.923174	3.6e-05
LOC411054	-6097.485791	-6097.485791	0
LOC411070	-14449.467057	-14449.467057	0
LOC411088	-2119.727751	-2119.727751	0
LOC411100	-4163.051033	-4163.051033	0
LOC411115	-41791.820322	-41791.094156	1.45233
LOC411147	-9623.877938	-9623.877938	0
LOC411148	-6837.284856	-6837.284856	0
LOC411163	-6437.990650	-6437.219426	1.54245
LOC411164	-5705.477151	-5705.477151	0
LOC411167	-7825.330663	-7825.330663	0
LOC411188	-5934.408576	-5932.576294	3.66456
LOC411191	-2118.989134	-2118.989134	0
LOC411214	-4469.487254	-4469.487254	0
LOC411233	-10187.326431	-10187.326431	0
LOC411249	-13793.183698	-13789.435931	7.49553
LOC411260	-1234.409221	-1234.409221	0
LOC411261	-10247.616887	-10247.616887	0
LOC411270	-9294.906541	-9294.906541	0
LOC411288	-4610.468515	-4610.468515	0
LOC411295	-2906.062777	-2906.062777	0
LOC411306	-4868.709833	-4866.878876	3.66191
LOC411335	-2947.371876	-2947.371875	2e-06
LOC411347	-2004.509332	-2004.509332	0
LOC411365	-3112.382520	-3112.382520	0
LOC411391	-3575.783443	-3575.783443	0
LOC411404	-5965.805113	-5962.635078	6.34007
LOC411408	-2551.145037	-2551.145037	0
LOC411447	-7536.193398	-7536.193398	0
LOC411458	-6777.767782	-6777.767781	2e-06
LOC411473	-8587.256523	-8587.256523	0
LOC411474	-21686.934397	-21686.934397	0
LOC411490	-7372.636666	-7372.636666	0
LOC411509	-4233.694133	-4233.694133	0
LOC411510	-4697.990450	-4697.990450	0
LOC411519	-5563.088004	-5563.088004	0
LOC411524	-2759.080413	-2759.080413	0
LOC411540	-8586.635876	-8586.635876	0
LOC411545	-11281.854758	-11281.854758	0
LOC411552	-4243.072789	-4243.072789	0
LOC411564	-14041.363751	-14041.363751	0
LOC411566	-14218.741286	-14218.741286	0
LOC411633	-4616.629717	-4616.629716	2e-06
LOC411639	-48662.836604	-48662.836604	0
LOC411654	-4244.764527	-4244.429572	0.66991
LOC411665	-3358.369086	-3358.369086	0
LOC411698	-4875.039687	-4875.039687	0
LOC411699	-12851.063032	-12851.063032	0
LOC411719	-5305.969260	-5305.969256	8e-06
LOC411722	-4601.671162	-4601.671162	0
LOC411724	-14210.315529	-14210.315529	0
LOC411730	-11622.673640	-11622.658773	0.029734
LOC411731	-10041.535959	-10041.535959	0
LOC411732	-2912.627611	-2912.627611	0
LOC411789	-2794.346764	-2794.346764	0
LOC411794	-6350.083316	-6350.083313	6e-06
LOC411799	-7239.414756	-7239.414756	0
LOC411839	-6516.207861	-6516.207861	0
LOC411856	-3808.335682	-3808.335682	0
LOC411875	-6720.903587	-6720.903587	0
LOC411892	-4104.710282	-4104.710282	0
LOC411904	-10910.637192	-10910.637192	0
LOC411906	-13909.923835	-13909.923835	0
LOC411915	-4488.252145	-4488.252145	0
LOC411923	-13354.760035	-13354.760035	0
LOC411972	-5823.174311	-5823.174311	0
LOC411980	-7731.620556	-7731.620555	2e-06
LOC411982	-3174.159330	-3174.159330	0
LOC411985	-16613.525042	-16613.525041	2e-06
LOC412003	-9399.065013	-9399.065013	0
LOC412005	-4702.759846	-4702.759846	0
LOC412018	-8724.281405	-8724.281405	0
LOC412024	-3838.025225	-3838.025225	0
LOC412025	-9384.381142	-9380.034507	8.69327
LOC412027	-5538.301665	-5538.301665	0
LOC412030	-1638.084562	-1638.084562	0
LOC412046	-22705.262824	-22705.262824	0
LOC412064	-2906.703165	-2906.700652	0.005026
LOC412069	-6739.946047	-6739.946047	0
LOC412082	-3647.382899	-3647.382899	0
LOC412097	-12673.044648	-12673.044648	0
LOC412115	-11941.405504	-11941.405488	3.2e-05
LOC412148	-2795.625908	-2795.625908	0
LOC412150	-11136.744213	-11136.744213	0
LOC412167	-11469.538469	-11469.538469	0
LOC412177	-7315.845672	-7315.845672	0
LOC412195	-6474.011314	-6474.011314	0
LOC412198	-22088.404061	-22088.404061	0
LOC412200	-9276.436121	-9274.593870	3.6845
LOC412232	-4360.262774	-4360.262774	0
LOC412235	-4100.551589	-4100.551589	0
LOC412245	-6787.856967	-6787.856967	0
LOC412247	-4529.025065	-4529.025065	0
LOC412263	-13186.019701	-13186.019701	0
LOC412276	-3724.879599	-3724.879599	0
LOC412277	-5281.897205	-5281.897205	0
LOC412278	-20106.700300	-20106.700282	3.6e-05
LOC412282	-16566.686059	-16566.686059	0
LOC412287	-6899.665811	-6899.665811	0
LOC412294	-4677.785873	-4677.785873	0
LOC412303	-3568.414630	-3568.414630	0
LOC412332	-15632.671236	-15632.671236	0
LOC412339	-3671.769024	-3671.769024	0
LOC412348	-2783.980460	-2783.980460	0
LOC412366	-4188.821202	-4188.821202	0
LOC412378	-3228.792681	-3228.792681	0
LOC412410	-7217.614980	-7217.614980	0
LOC412422	-20054.458397	-20054.458397	0
LOC412423	-5522.454440	-5522.454440	0
LOC412467	-7131.235124	-7128.835047	4.80015
LOC412470	-6924.765318	-6924.765318	0
LOC412526	-4474.074444	-4474.074444	0
LOC412540	-6666.188930	-6666.188930	0
LOC412547	-1364.990916	-1364.990916	0
LOC412554	-3051.435638	-3051.435638	0
LOC412563	-6247.816652	-6247.816652	0
LOC412573	-6803.607523	-6801.574608	4.06583
LOC412578	-2034.136583	-2034.136583	0
LOC412580	-7029.760037	-7029.760037	0
LOC412598	-4696.883449	-4696.883449	0
LOC412612	-5358.477171	-5358.477171	0
LOC412619	-5596.858406	-5596.858406	0
LOC412623	-13045.981214	-13045.981214	0
LOC412624	-9644.392665	-9644.392665	0
LOC412647	-4438.587609	-4438.575772	0.023674
LOC412670	-6011.084940	-6011.084940	0
LOC412675	-5426.595424	-5426.595424	0
LOC412687	-5091.554198	-5091.554196	4e-06
LOC412690	-4618.371165	-4618.371165	0
LOC412750	-12142.894626	-12142.894626	0
LOC412762	-4392.186130	-4392.186130	0
LOC412810	-13659.547282	-13659.547282	0
LOC412816	-3364.622395	-3364.622394	2e-06
LOC412851	-4284.115013	-4284.115012	2e-06
LOC412870	-1230.959386	-1230.959386	0
LOC412878	-21376.604836	-21376.604836	0
LOC412889	-5901.702963	-5901.702963	0
LOC412931	-6701.148577	-6701.148577	0
LOC412933	-4706.606701	-4706.606701	0
LOC412950	-9968.300174	-9968.300174	0
LOC412956			0
LOC413006	-3937.283940	-3937.283940	0
LOC413011	-6542.596167	-6542.596167	0
LOC413030	-3243.880935	-3243.880935	0
LOC413032	-10861.303982	-10861.303981	2e-06
LOC413065	-3369.518910	-3369.518910	0
LOC413074	-15813.344337	-15813.344337	0
LOC413087	-9267.051479	-9267.051479	0
LOC413101	-5153.772408	-5153.772408	0
LOC413106	-8428.401291	-8428.401291	0
LOC413110	-2357.528978	-2357.528978	0
LOC413119	-9907.932412	-9907.932412	0
LOC413126	-7983.720601	-7983.720597	8e-06
LOC413133	-4612.215408	-4612.215408	0
LOC413153	-6825.202157	-6825.202157	0
LOC413179	-2625.108116	-2625.108116	0
LOC413194	-6047.039695	-6047.039695	0
LOC413196	-3031.957703	-3031.957703	0
LOC413208	-7433.426555	-7433.426555	0
LOC413228	-7182.641420	-7182.373506	0.535828
LOC413233	-9524.243192	-9524.243192	0
LOC413240	-2590.129582	-2590.129582	0
LOC413242	-9242.165572	-9242.165572	0
LOC413246	-1774.950857	-1774.950857	0
LOC413250	-8335.367804	-8335.367261	0.001086
LOC413271	-6058.639981	-6058.639981	0
LOC413275	-3471.598041	-3471.598041	0
LOC413297	-3440.314964	-3440.314964	0
LOC413305	-8380.746950	-8380.746950	0
LOC413365	-4209.120009	-4209.120009	0
LOC413383	-3995.531316	-3995.531316	0
LOC413389	-7716.303301	-7716.303300	2e-06
LOC413394	-2011.849152	-2011.849152	0
LOC413411	-8656.878732	-8656.878732	0
LOC413430	-5816.123525	-5816.123525	0
LOC413489	-6379.670113	-6379.670113	0
LOC413495	-3062.591673	-3062.591673	0
LOC413510	-16203.522548	-16203.522548	0
LOC413520	-3290.549850	-3290.549850	0
LOC413529	-6611.186749	-6611.186749	0
LOC413534	-5884.977866	-5884.977866	0
LOC413542	-14151.087459	-14151.087459	0
LOC413544	-7349.605291	-7349.605291	0
LOC413567	-4586.631313	-4586.631313	0
LOC413573	-3467.598842	-3467.598842	0
LOC413575	-10361.894180	-10361.894180	0
LOC413576	-8652.362981	-8652.362981	0
LOC413579	-6944.530825	-6944.530825	0
LOC413583	-5834.525284	-5834.525284	0
LOC413601	-3137.472213	-3137.226395	0.491636
LOC413614	-1777.958698	-1777.958697	2e-06
LOC413619	-2282.145612	-2282.145612	0
LOC413643	-5607.497904	-5607.497904	0
LOC413668	-9639.793939	-9639.793939	0
LOC413672	-8879.526987	-8879.526987	0
LOC413678	-6233.366500	-6233.366500	0
LOC413688	-6367.210393	-6367.210393	0
LOC413699	-6572.574675	-6569.896998	5.35535
LOC413713	-9222.703739	-9222.576914	0.25365
LOC413736	-6735.031905	-6735.031905	0
LOC413742	-8691.275767	-8691.275767	0
LOC413772	-6427.038502	-6427.038502	0
LOC413782	-10267.213018	-10267.213010	1.6e-05
LOC413796	-13445.549708	-13445.549708	0
LOC413815	-5052.293411	-5052.293411	0
LOC413827	-3051.884675	-3051.884675	0
LOC413854	-10471.553865	-10471.553865	0
LOC413873	-19751.899564	-19751.899564	0
LOC413878	-7961.778231	-7957.470552	8.61536
LOC413881	-1661.599412	-1661.599412	0
LOC413889	-4365.113872	-4365.113872	0
LOC413909	-6454.427499	-6454.427499	0
LOC413914	-3645.864718	-3645.864718	0
LOC413916	-3320.886423	-3320.886423	0
LOC413917	-7412.134169	-7412.134167	4e-06
LOC413950	-12385.070403	-12385.070403	0
LOC413976	-2373.857876	-2373.857876	0
LOC413987	-6251.132504	-6251.132504	0
LOC414009	-7156.233626	-7155.264313	1.93863
LOC414027	-1939.008258	-1939.008258	0
LOC414035	-3400.479986	-3400.435601	0.08877
LOC414039	-1060.430046	-1060.430042	8e-06
LOC494509	-4060.102800	-4060.102800	0
LOC550659	-4026.698761	-4026.698761	0
LOC550695	-7815.910039	-7815.910039	0
LOC550701	-4189.747105	-4189.747105	0
LOC550710	-2253.858020	-2253.852858	0.010324
LOC550716	-16268.245499	-16268.245499	0
LOC550767	-3210.159051	-3210.159051	0
LOC550780	-3221.429970	-3221.429970	0
LOC550789	-4126.604943	-4126.604938	1e-05
LOC550804	-8601.263961	-8601.263961	0
LOC550829	-21938.334178	-21931.473571	13.7212
LOC550834	-817.656948	-817.656948	0
LOC550869	-6654.431598	-6654.431598	0
LOC550881	-2536.081869	-2536.081869	0
LOC550884	-6812.383236	-6812.383236	0
LOC550885	-6912.231179	-6912.231179	0
LOC550901	-4659.488970	-4659.488970	0
LOC550903	-10070.287431	-10070.287431	0
LOC550955	-3016.547234	-3016.547234	0
LOC550970	-2253.395361	-2253.395362	-2e-06
LOC550998	-3089.513509	-3089.513509	0
LOC551009	-7267.686715	-7267.686715	0
LOC551012	-7939.177857	-7938.138312	2.07909
LOC551036	-4706.816811	-4706.816810	2e-06
LOC551042	-2723.625274	-2721.209947	4.83065
LOC551057	-3200.816246	-3200.816246	0
LOC551088	-5553.351930	-5553.351930	0
LOC551093	-7064.541429	-7064.541429	0
LOC551100	-3023.129151	-3023.129151	0
LOC551114	-2324.686846	-2324.686846	0
LOC551116	-3520.020361	-3520.020361	0
LOC551133	-4746.280062	-4746.280062	0
LOC551177	-1930.592268	-1930.592268	0
LOC551194	-6825.569825	-6825.569825	0
LOC551198	-3717.864895	-3717.864895	0
LOC551207	-9938.997844	-9938.997843	2e-06
LOC551208	-4444.508029	-4442.577515	3.86103
LOC551212	-8443.621017	-8443.621017	0
LOC551219	-7524.185792	-7524.185792	0
LOC551231	-4950.125786	-4950.125786	0
LOC551248	-1833.145427	-1833.145427	0
LOC551276	-6594.965869	-6594.965869	0
LOC551290	-5733.411920	-5733.411920	0
LOC551304	-616.770521	-616.770521	0
LOC551314	-10211.007145	-10211.007145	0
LOC551324	-5244.343410	-5244.343410	0
LOC551353	-2673.199093	-2673.199093	0
LOC551364	-5759.983012	-5759.983012	0
LOC551379	-6007.484794	-6007.484794	0
LOC551381	-1153.788198	-1153.788197	2e-06
LOC551384	-4599.871632	-4599.871632	0
LOC551392	-5845.531641	-5845.408919	0.245444
LOC551395	-6403.318322	-6403.318322	0
LOC551398	-14748.612987	-14748.612987	0
LOC551405	-6989.535154	-6989.535154	0
LOC551413	-2003.701496	-2003.598671	0.20565
LOC551414	-4317.138958	-4317.138958	0
LOC551416	-6702.325465	-6702.325465	0
LOC551425	-12986.388237	-12986.388237	0
LOC551426	-4220.555827	-4218.373504	4.36465
LOC551435	-7493.182936	-7493.182936	0
LOC551439	-4178.610434	-4178.610434	0
LOC551441	-3476.302560	-3476.302560	0
LOC551445	-3839.702798	-3839.702798	0
LOC551447	-5453.958311	-5453.958311	0
LOC551448	-3110.713180	-3110.295562	0.835236
LOC551452	-4863.923418	-4863.923418	0
LOC551457	-4513.694974	-4513.694974	0
LOC551467	-4963.274877	-4963.274877	0
LOC551484	-8683.954783	-8683.954783	0
LOC551500	-12793.716817	-12793.716816	2e-06
LOC551501	-2174.829876	-2174.829876	0
LOC551517	-5424.475768	-5424.475768	0
LOC551530	-22904.758617	-22899.053066	11.4111
LOC551549	-6431.878932	-6431.878932	0
LOC551554	-1774.853980	-1774.853980	0
LOC551578	-9707.514900	-9707.514900	0
LOC551581	-6621.222420	-6621.222420	0
LOC551589	-2400.318783	-2400.318783	0
LOC551602	-7261.403203	-7261.403203	0
LOC551603	-2249.962729	-2249.962729	0
LOC551607	-1222.492154	-1222.491840	0.000628
LOC551608	-5541.967498	-5541.967498	0
LOC551618	-6350.161493	-6348.088657	4.14567
LOC551619	-11128.862915	-11128.862915	0
LOC551629	-16523.480655	-16523.480655	0
LOC551631	-8651.423140	-8651.423140	0
LOC551642	-5157.613723	-5157.613723	0
LOC551662	-3116.432284	-3116.432283	2e-06
LOC551664	-4228.850442	-4228.850440	4e-06
LOC551668	-12719.943482	-12719.943471	2.2e-05
LOC551679	-2570.090457	-2570.090457	0
LOC551683	-4678.700894	-4678.700894	0
LOC551695	-774.141085	-774.068234	0.145702
LOC551699	-5560.253584	-5560.253584	0
LOC551709	-13618.382735	-13618.382735	0
LOC551712	-6054.564502	-6054.564502	0
LOC551721	-5464.584598	-5464.584598	0
LOC551732	-4439.180395	-4436.738188	4.88441
LOC551749	-8040.319599	-8040.319599	0
LOC551753	-18540.831154	-18540.831154	0
LOC551755	-1413.368783	-1413.368783	0
LOC551757	-2041.889654	-2041.889654	0
LOC551794	-2252.368278	-2248.594367	7.54782
LOC551806	-4523.057640	-4523.012386	0.090508
LOC551815	-5100.074707	-5098.738710	2.67199
LOC551817	-1586.059216	-1586.059216	0
LOC551819	-5327.411332	-5325.379576	4.06351
LOC551827	-4300.964363	-4300.964363	0
LOC551847	-4569.429307	-4569.429307	0
LOC551872	-3586.226730	-3586.226730	0
LOC551882	-3007.642223	-3007.637746	0.008954
LOC551890	-5386.899989	-5386.899989	0
LOC551892	-3562.209639	-3562.209639	0
LOC551898	-1358.391243	-1358.391243	0
LOC551912	-1040.373818	-1040.373818	0
LOC551922	-2207.144453	-2207.144453	0
LOC551952	-3787.041464	-3787.041464	0
LOC551961	-1619.055199	-1619.055187	2.4e-05
LOC551962	-2940.695503	-2940.307417	0.776172
LOC551964	-7901.471469	-7901.414670	0.113598
LOC551969	-7051.316395	-7051.316395	0
LOC551970	-15418.611946	-15439.883149	-42.5424
LOC551972	-5728.438505	-5728.438505	0
LOC551980	-3298.318497	-3298.300016	0.036962
LOC551982	-2492.271673	-2492.271673	0
LOC551986	-4591.620330	-4591.620330	0
LOC552000	-2615.563912	-2615.563912	0
LOC552003	-3052.616765	-3052.616765	0
LOC552009	-3764.512743	-3764.512743	0
LOC552036	-5938.146224	-5938.146224	0
LOC552043	-3828.757801	-3828.757801	0
LOC552051	-3771.703813	-3771.703813	0
LOC552056	-6047.829058	-6047.829050	1.6e-05
LOC552062	-5449.293924	-5449.293924	0
LOC552091	-4498.843588	-4496.797287	4.0926
LOC552093	-3923.778720	-3923.778720	0
LOC552095	-16153.412773	-16153.412773	0
LOC552124	-3112.807281	-3112.807281	0
LOC552138	-1834.533773	-1834.533773	0
LOC552139	-3882.547554	-3882.547554	0
LOC552141	-3434.614368	-3434.614368	0
LOC552144	-6868.551128	-6868.551128	0
LOC552145	-2053.281039	-2053.281039	0
LOC552150	-4890.770472	-4890.770472	0
LOC552156	-6458.239397	-6458.239395	4e-06
LOC552161	-1464.731500	-1464.731500	0
LOC552163	-5992.657589	-5990.893917	3.52734
LOC552180	-1770.663216	-1770.663216	0
LOC552181	-3411.406559	-3411.406559	0
LOC552191	-4872.349304	-4872.349304	0
LOC552194	-6185.113422	-6185.113422	0
LOC552196	-2468.591785	-2468.591785	0
LOC552197	-4252.746174	-4252.746174	0
LOC552204	-1887.513281	-1887.513281	0
LOC552213	-2025.576318	-2025.576318	0
LOC552237	-2367.392723	-2367.392723	0
LOC552245	-8801.378390	-8801.378389	2e-06
LOC552246	-4616.314079	-4616.314079	0
LOC552247	-9222.888808	-9222.888807	2e-06
LOC552249	-18851.622358	-18851.622357	2e-06
LOC552254	-5444.037706	-5444.037706	0
LOC552263	-4100.475087	-4099.894933	1.16031
LOC552278	-4537.856298	-4537.856298	0
LOC552283	-3853.457234	-3853.457234	0
LOC552315	-3617.009733	-3617.009733	0
LOC552327	-4881.751365	-4881.751365	0
LOC552348	-2190.673094	-2190.673094	0
LOC552353	-1860.718676	-1860.718676	0
LOC552377	-4743.361916	-4743.361916	0
LOC552392	-5096.220301	-5096.220301	0
LOC552398	-4583.327754	-4583.327754	0
LOC552403	-1389.996928	-1389.656657	0.680542
LOC552410	-1337.484059	-1337.484059	0
LOC552413	-3971.527298	-3971.527298	0
LOC552417	-7239.048942	-7239.048942	0
LOC552419	-2051.224605	-2051.224601	8e-06
LOC552424	-3303.553740	-3303.553740	0
LOC552426	-2635.392141	-2635.392141	0
LOC552432	-5856.573341	-5856.573341	0
LOC552441	-2883.112982	-2883.112982	0
LOC552443	-2459.606690	-2459.606690	0
LOC552449	-2514.342051	-2514.211345	0.261412
LOC552451	-4834.556225	-4834.556225	0
LOC552455	-7513.195607	-7513.195607	0
LOC552460	-1444.308775	-1444.308775	0
LOC552476	-1291.053818	-1291.053818	0
LOC552479	-9847.448958	-9847.448958	0
LOC552485	-5728.734576	-5728.734576	0
LOC552488	-5059.272492	-5057.782113	2.98076
LOC552495	-10445.062204	-10445.062204	0
LOC552496	-9505.542372	-9504.582753	1.91924
LOC552501	-1707.700006	-1707.700006	0
LOC552510	-7506.725084	-7506.725084	0
LOC552511	-3716.204702	-3716.204702	0
LOC552516	-3838.053369	-3838.053369	0
LOC552520	-4010.364923	-4009.190252	2.34934
LOC552522	-7295.161930	-7295.161930	0
LOC552528	-8221.948983	-8221.948983	0
LOC552529	-1442.897344	-1442.897344	0
LOC552531	-1156.392960	-1156.392960	0
LOC552533	-6644.491311	-6644.491311	0
LOC552549	-5889.385696	-5889.385696	0
LOC552551	-1412.815902	-1412.815902	0
LOC552562	-5279.608609	-5279.608609	0
LOC552566	-6584.671858	-6584.671858	0
LOC552571	-7719.590061	-7719.590061	0
LOC552590	-4501.881234	-4501.881234	0
LOC552592	-7853.289100	-7853.289096	8e-06
LOC552599	-1710.907779	-1710.907778	2e-06
LOC552607	-3788.726691	-3788.726691	0
LOC552641	-5477.076097	-5477.076097	0
LOC552643	-9171.943323	-9171.943323	0
LOC552654	-2662.460693	-2662.460693	0
LOC552656	-6490.673360	-6483.911762	13.5232
LOC552658	-12951.790359	-12951.790359	0
LOC552662	-5092.139531	-5092.139531	0
LOC552674	-12035.967046	-12035.967046	0
LOC552686	-2401.361332	-2401.361332	0
LOC552688	-3353.988371	-3353.988371	0
LOC552696	-5000.186759	-5000.186759	0
LOC552715	-3718.026177	-3718.026177	0
LOC552719	-1356.259252	-1356.259252	0
LOC552720	-2773.927904	-2773.927904	0
LOC552721	-2724.954687	-2724.954687	0
LOC552723	-6989.671699	-6989.671699	0
LOC552725	-7219.506176	-7219.506176	0
LOC552730	-1987.929449	-1987.929449	0
LOC552734	-3613.920663	-3613.920663	0
LOC552745	-5320.142899	-5320.142899	0
LOC552747	-8790.026050	-8790.026050	0
LOC552748	-5417.651904	-5417.651904	0
LOC552756	-5473.306620	-5473.306620	0
LOC552766	-5316.948265	-5316.948265	0
LOC552769	-3741.267868	-3741.267868	0
LOC552772	-1496.768925	-1496.768914	2.2e-05
LOC552776	-7493.162266	-7493.162266	0
LOC552779	-1772.783965	-1772.783965	0
LOC552787	-10211.644776	-10211.644776	0
LOC552794	-14955.173114	-14955.173125	-2.2e-05
LOC552797	-3951.021345	-3951.021345	0
LOC552802	-1571.408715	-1570.373883	2.06966
LOC552804	-5445.152464	-5445.152464	0
LOC552807	-1731.759331	-1731.759331	0
LOC552827	-649.290923	-649.290211	0.001424
LOC552832	-4644.112415	-4644.112415	0
LOC552839			0
LOC724169	-2677.855476	-2677.855476	0
LOC724170	-5173.299843	-5173.299843	0
LOC724188	-1179.836839	-1179.836839	0
LOC724215	-19354.696760	-19354.696760	0
LOC724216	-4453.290158	-4453.290158	0
LOC724218	-4694.992141	-4694.992141	0
LOC724239	-5510.879915	-5510.832962	0.093906
LOC724241	-1181.246458	-1181.246458	0
LOC724247	-7257.422522	-7257.422522	0
LOC724256	-2897.455321	-2897.455321	0
LOC724291	-5076.180347	-5076.180347	0
LOC724292	-5274.380597	-5274.380597	0
LOC724296	-9736.289617	-9736.289617	0
LOC724303	-1623.555438	-1623.555438	0
LOC724323	-4953.708356	-4953.708356	0
LOC724339	-7436.751515	-7436.751515	0
LOC724341	-3287.247765	-3287.247765	0
LOC724343	-1741.830719	-1741.830719	0
LOC724350	-2653.626566	-2653.626566	0
LOC724365	-1522.771512	-1522.771481	6.2e-05
LOC724366	-1865.377902	-1865.377902	0
LOC724386	-3061.953022	-3061.953022	0
LOC724407			0
LOC724408	-1514.739114	-1514.739114	0
LOC724423	-25724.267231	-25724.267231	0
LOC724432	-4442.140611	-4441.837992	0.605238
LOC724443	-4991.784579	-4991.784579	0
LOC724486	-1578.423978	-1578.394124	0.059708
LOC724488	-3320.085727	-3320.085727	0
LOC724496	-6303.655814	-6303.655814	0
LOC724510	-13885.521882	-13885.521882	0
LOC724533	-1635.691841	-1635.691831	2e-05
LOC724542	-9432.221561	-9432.221561	0
LOC724625	-693.014415	-693.014415	0
LOC724630	-1305.644858	-1305.644858	0
LOC724648	-2501.380828	-2501.380828	0
LOC724654	-1841.807925	-1841.807925	0
LOC724656	-11837.033221	-11837.033221	0
LOC724700	-5595.354621	-5595.354621	0
LOC724703	-8127.032429	-8127.032429	0
LOC724704	-5423.795086	-5423.795086	0
LOC724710	-3303.835591	-3303.835591	0
LOC724741	-9711.042761	-9711.042761	0
LOC724742	-4390.506616	-4390.506616	0
LOC724769	-1441.037036	-1441.037036	0
LOC724786	-1658.478848	-1658.478839	1.8e-05
LOC724790	-3185.958231	-3182.379868	7.15673
LOC724794	-1300.948335	-1300.948335	0
LOC724798	-5222.322063	-5222.322063	0
LOC724809	-9256.394265	-9256.394265	0
LOC724827	-2959.243022	-2959.243022	0
LOC724863	-8316.226969	-8316.226969	0
LOC724865	-13065.435204	-13062.472567	5.92527
LOC724885	-3015.913981	-3015.802336	0.22329
LOC724888	-1163.770834	-1163.770834	0
LOC724891	-7419.956867	-7419.956867	0
LOC724896	-901.492397	-901.492393	8e-06
LOC724926	-10600.069506	-10600.069506	0
LOC724930	-8432.592370	-8432.079409	1.02592
LOC724932	-5571.467898	-5571.467898	0
LOC724947	-3718.875857	-3718.875851	1.2e-05
LOC724948	-10898.180424	-10898.180424	0
LOC724953	-2907.850235	-2907.850235	0
LOC724954	-1913.172749	-1913.172749	0
LOC725023	-5979.156928	-5979.156928	0
LOC725026	-5292.165618	-5292.165618	0
LOC725044	-5836.192503	-5836.192503	0
LOC725055	-610.327915	-610.327915	0
LOC725111	-11572.267304	-11572.267304	0
LOC725142	-937.014352	-937.014352	0
LOC725143	-4413.169675	-4413.169674	2e-06
LOC725146	-4320.237281	-4320.237281	0
LOC725149	-12537.247782	-12535.732068	3.03143
LOC725178	-8411.959986	-8411.959986	0
LOC725184	-1254.613416	-1254.613416	0
LOC725204	-4052.429165	-4052.429164	2e-06
LOC725216	-23585.040704	-23585.040704	0
LOC725238	-4057.690362	-4057.690361	2e-06
LOC725240	-1341.574754	-1341.574754	0
LOC725261	-1903.799420	-1903.799420	0
LOC725266	-1599.199068	-1599.199068	0
LOC725306	-25341.303984	-25341.303976	1.6e-05
LOC725316	-1530.847079	-1530.847079	0
LOC725320	-9135.031508	-9135.031508	0
LOC725325	-6962.044002	-6962.044002	0
LOC725330	-6683.637181	-6683.163463	0.947436
LOC725343	-7669.527940	-7666.059382	6.93712
LOC725345	-1108.384026	-1108.384026	0
LOC725348	-5127.508584	-5127.508584	0
LOC725362	-3369.829293	-3369.829217	0.000152
LOC725363	-4369.613344	-4369.613344	0
LOC725368	-5182.220758	-5182.220758	0
LOC725374	-2601.454731	-2601.454731	0
LOC725388	-8559.151532	-8559.151532	0
LOC725416	-1614.246195	-1614.246195	0
LOC725459	-3233.354037	-3233.354001	7.2e-05
LOC725477	-7616.105884	-7616.105884	0
LOC725478	-2649.597390	-2649.597390	0
LOC725486	-10207.654338	-10207.654338	0
LOC725491	-2187.376181	-2187.376181	0
LOC725496	-5605.453598	-5605.453598	0
LOC725505	-3032.881611	-3032.881611	0
LOC725512	-7064.928198	-7064.928198	0
LOC725529	-3798.624128	-3798.624128	0
LOC725539	-7693.720314	-7693.720314	0
LOC725551	-2735.472888	-2735.472888	0
LOC725552	-9520.068352	-9520.068352	0
LOC725566	-1887.537196	-1887.537196	0
LOC725569	-4842.419101	-4842.419099	4e-06
LOC725571	-5648.507227	-5648.507227	0
LOC725572	-1223.960716	-1223.960716	0
LOC725576	-8936.568149	-8936.568149	0
LOC725603	-2563.552239	-2563.552239	0
LOC725609	-850.755045	-850.693067	0.123956
LOC725611	-20480.355171	-20480.355171	0
LOC725612	-13455.221617	-13455.221617	0
LOC725628	-3091.028685	-3090.218218	1.62093
LOC725633	-1653.744069	-1653.744069	0
LOC725641	-1089.461614	-1089.461614	0
LOC725661	-7092.636389	-7092.636389	0
LOC725686	-929.313208	-929.313208	0
LOC725688	-2401.976355	-2401.976353	4e-06
LOC725690	-4187.184642	-4187.184642	0
LOC725701	-7080.661448	-7080.889927	-0.456958
LOC725705	-1294.713749	-1294.713749	0
LOC725719	-14075.280545	-14075.280545	0
LOC725744	-2708.255542	-2708.255542	0
LOC725753	-3534.661710	-3534.661710	0
LOC725756	-6755.901876	-6755.901876	0
LOC725770	-9183.408364	-9183.408364	0
LOC725780	-4299.009893	-4299.009893	0
LOC725801	-4897.262128	-4897.262128	0
LOC725835	-1358.767738	-1358.767738	0
LOC725856	-1569.503077	-1569.503077	0
LOC725880	-784.867810	-784.867809	2e-06
LOC725881	-3508.907541	-3508.907541	0
LOC725896	-6163.540668	-6163.540668	0
LOC725899	-5339.377010	-5339.377010	0
LOC725922	-7229.072183	-7229.072183	0
LOC725942	-1797.130880	-1797.130880	0
LOC725947	-697.807638	-697.807638	0
LOC726002	-14683.046364	-14683.046364	0
LOC726015	-3667.154182	-3665.682319	2.94373
LOC726030	-9867.188711	-9865.749070	2.87928
LOC726040	-12604.194457	-12603.694761	0.999392
LOC726061	-1378.319155	-1378.319155	0
LOC726095	-4072.112815	-4072.112815	0
LOC726102	-7506.414730	-7506.414730	0
LOC726118	-1705.996099	-1705.996099	0
LOC726131	-1224.592760	-1224.592760	0
LOC726163	-3001.071531	-3001.071531	0
LOC726164	-2473.851746	-2473.851746	0
LOC726167	-3206.822937	-3206.822937	0
LOC726172	-4147.811510	-4147.811510	0
LOC726187	-9029.701574	-9029.701433	0.000282
LOC726197	-2042.178181	-2042.178181	0
LOC726205	-3190.296600	-3190.296600	0
LOC726212	-8576.386179	-8576.386180	-2e-06
LOC726221	-1609.353990	-1609.353990	0
LOC726227	-6977.898478	-6977.898478	0
LOC726237	-3814.349961	-3814.349961	0
LOC726239	-3954.190851	-3954.190849	4e-06
LOC726240	-1812.376089	-1812.376089	0
LOC726253	-2813.190800	-2813.190800	0
LOC726255	-5105.549472	-5105.549472	0
LOC726289	-2508.683785	-2508.683785	0
LOC726302	-2535.089916	-2535.089916	0
LOC726303	-3610.801098	-3610.764036	0.074124
LOC726310	-12845.351025	-12845.351025	0
LOC726315	-7371.645504	-7368.850661	5.58969
LOC726352	-3609.728946	-3609.728946	0
LOC726380	-4384.280287	-4384.280287	0
LOC726389	-5695.587402	-5695.584513	0.005778
LOC726409	-1904.691634	-1904.633285	0.116698
LOC726414	-11947.514926	-11947.514926	0
LOC726418	-6037.680933	-6035.040687	5.28049
LOC726428	-2638.918324	-2638.918324	0
LOC726497	-27791.083320	-27790.713905	0.73883
LOC726498	-1537.001043	-1537.001043	0
LOC726500	-1422.111140	-1422.111140	0
LOC726540	-15843.499003	-15843.499002	2e-06
LOC726562	-8078.672210	-8078.672210	0
LOC726579	-8552.955296	-8552.955296	0
LOC726583	-10079.557128	-10079.557128	0
LOC726609	-1844.782869	-1844.782869	0
LOC726626	-2254.921174	-2254.921174	0
LOC726637	-9594.429963	-9594.429963	0
LOC726666	-916.889857	-916.889857	0
LOC726720	-1803.400726	-1803.400715	2.2e-05
LOC726721	-686.181886	-686.181886	0
LOC726742	-13849.014484	-13849.014484	0
LOC726747	-1758.495851	-1758.495851	0
LOC726754	-4805.957303	-4802.324802	7.265
LOC726760	-8981.682984	-8981.682984	0
LOC726800	-4908.715122	-4908.715122	0
LOC726811	-4441.705644	-4441.705644	0
LOC726812	-6198.628794	-6198.628794	0
LOC726822	-2817.509751	-2817.509751	0
LOC726826	-5687.117482	-5686.763087	0.70879
LOC726850	-1877.567308	-1877.567308	0
LOC726869	-7608.695253	-7608.695253	0
LOC726872	-2536.548186	-2536.548186	0
LOC726887	-3265.745134	-3265.745134	0
LOC726890	-4039.594231	-4039.594231	0
LOC726923	-1197.805199	-1197.805199	0
LOC726928	-12041.334525	-12041.334525	0
LOC726947	-7490.612847	-7490.612845	4e-06
LOC726958	-2631.326238	-2631.326238	0
LOC726983	-7620.167392	-7620.167392	0
LOC726999	-3886.032928	-3886.032928	0
LOC727004	-2402.284608	-2395.942784	12.6836
LOC727009	-9842.304118	-9842.304118	0
LOC727022	-8911.103867	-8911.103867	0
LOC727025	-589.044256	-589.044256	0
LOC727027	-8379.070140	-8379.070140	0
LOC727048	-3679.410799	-3679.410799	0
LOC727116	-2543.669166	-2543.669166	0
LOC727122	-1120.547832	-1120.547832	0
LOC727146	-10203.759194	-10203.759191	6e-06
LOC727186	-1443.893569	-1443.893569	0
LOC727229	-9289.624084	-9289.624084	0
LOC727237	-6714.753403	-6714.753403	0
LOC727238	-25802.593388	-25802.324603	0.53757
LOC727299	-5624.773816	-5624.773816	0
LOC727303	-5358.369602	-5358.369602	0
LOC727320	-7660.075205	-7660.075205	0
LOC727378	-934.450563	-934.450563	0
LOC727396	-14792.735360	-14792.735360	0
LOC727420	-4414.333372	-4414.333372	0
LOC727456			0
LOC727495	-11492.874016	-11492.874016	0
LOC727539	-3920.209148	-3920.209148	0
LOC727582	-4871.313755	-4871.313755	0
LOC727622	-5672.269983	-5672.269983	0
LOC727634	-5974.074891	-5973.932953	0.283876
LOC727652	-17797.639453	-17797.639453	0
NOS	-14244.507280	-14244.425226	0.164108
PGRP-S3	-2052.802850	-2050.576319	4.45306
Ppib	-2074.794769	-2074.794769	0
PPO	-8217.403483	-8217.403483	0
Pten	-1746.415915	-1746.415915	0
Rnft2	-6015.480608	-6015.406064	0.149088
RpL35	-1631.643467	-1631.643467	0
Smb	-1754.295329	-1754.295329	0
Snf	-2314.796369	-2314.796268	0.000202
STT3B	-7328.177448	-7328.177448	0
Tpi	-2709.981447	-2709.981447	0
Tspan6	-4809.810826	-4809.810826	0
Usp	-4582.078581	-4582.078581	0
Vg	-42692.938992	-42692.938992	0
Vha16	-1298.027822	-1298.027822	0
LOC102654146	-4552.882248	-4552.882248	0
LOC411083	-11682.785723	-11682.785723	0
LOC411457	-5571.780627	-5571.780627	0
LOC411796	-5312.257649	-5312.257649	0
LOC551837	-12242.968372	-12242.968372	0
LOC551931	-3245.582220	-3245.582220	0
LOC726476	-4810.374170	-4810.374166	8e-06
