Gene	lnL_Null	lnL_Alt	LRT
Arp1	-3666.895150	-3666.895153	-6e-06
B-gluc1	-8572.227159	-8571.106035	2.24225
Cox6c	-1487.415290	-1483.658194	7.51419
CPR14	-1850.053840	-1846.041947	8.02379
CPR19	-3269.609177	-3269.609177	0
CSP6	-1978.990362	-1978.987650	0.005424
CytC	-1403.348938	-1392.316514	22.0648
Dcr-1	-17138.644421	-17133.809031	9.67078
Dl	-10529.042309	-10529.042309	0
Dnmt3	-9955.309429	-9951.876931	6.865
Ecr	-4667.008051	-4665.926063	2.16398
egh	-5749.242728	-5749.242728	0
FAR1	-7148.074170	-7144.745245	6.65785
Gat-1B	-7485.796856	-7485.786518	0.020676
Gat-a	-7590.545430	-7590.450683	0.189494
Gfat2	-9114.802301	-9086.073302	57.458
GlnS	-5422.376661	-5422.376661	0
GstD1	-4394.689262	-4392.403710	4.5711
GstS4	-3263.061070	-3263.008665	0.10481
Imd	-4525.766115	-4524.846639	1.83895
Jtb	-8379.733017	-8379.564875	0.336284
KAT2A	-9558.712554	-9558.712554	0
LOC100379261	-6101.605655	-6101.472112	0.267086
LOC100576099	-2096.776029	-2096.776029	0
LOC100576186	-7575.737469	-7573.910714	3.65351
LOC100576195	-1542.303422	-1542.303422	0
LOC100576337	-3442.069082	-3441.696598	0.744968
LOC100576383	-6937.176227	-6935.990856	2.37074
LOC100576411	-9062.330633	-9062.275506	0.110254
LOC100576527	-8834.368834	-8833.392959	1.95175
LOC100576646	-3360.972387	-3360.972387	0
LOC100576649	-8765.086810	-8764.773289	0.627042
LOC100576660	-9030.514298	-9029.419071	2.19045
LOC100576742	-15597.074019	-15590.487064	13.1739
LOC100576795	-3886.536710	-3886.182067	0.709286
LOC100576801	-3752.867875	-3752.867875	0
LOC100576818	-4880.144806	-4879.599554	1.0905
LOC100576819	-7686.694443	-7684.347587	4.69371
LOC100576826	-3583.492090	-3583.492090	0
LOC100576862	-6294.254304	-6294.254304	0
LOC100577002	-8142.686788	-8139.967220	5.43914
LOC100577019	-487.818240	-487.818240	0
LOC100577050	-8149.189564	-8147.631951	3.11523
LOC100577053	-9021.074109	-9011.182366	19.7835
LOC100577136	-5987.125050	-5986.438783	1.37253
LOC100577140	-8767.330816	-8761.158257	12.3451
LOC100577174	-18778.645150	-18778.567241	0.155818
LOC100577196	-9771.384255	-9766.981264	8.80598
LOC100577401	-16690.206373	-16680.665505	19.0817
LOC100577423	-5058.861233	-5058.861233	0
LOC100577481	-7684.613734	-7684.613734	0
LOC100577493	-9549.255004	-9547.466563	3.57688
LOC100577519			0
LOC100577687	-7336.334998	-7325.561825	21.5463
LOC100577690	-2327.526374	-2325.374092	4.30456
LOC100577763	-37594.316682	-37592.736561	3.16024
LOC100577764	-1764.752739	-1764.752739	0
LOC100577841	-4299.907712	-4299.907712	0
LOC100577870	-1445.352779	-1445.352779	0
LOC100577972	-67323.418734	-67295.945649	54.9462
LOC100578030	-5498.375348	-5497.761646	1.2274
LOC100578035	-3697.234713	-3697.234713	0
LOC100578071	-27438.654862	-27410.165791	56.9781
LOC100578156	-4116.077961	-4111.767983	8.61996
LOC100578168	-2228.418751	-2227.802623	1.23226
LOC100578209	-4737.236764	-4737.236764	0
LOC100578215	-6355.469970	-6355.469970	0
LOC100578235	-1912.573006	-1908.388870	8.36827
LOC100578255	-23325.991914	-23325.471304	1.04122
LOC100578277	-1115.865449	-1115.865449	0
LOC100578329	-9299.351949	-9296.273579	6.15674
LOC100578356	-19588.095646	-19588.095646	0
LOC100578380	-2965.749734	-2965.044918	1.40963
LOC100578433	-22940.238049	-22939.083975	2.30815
LOC100578450	-11515.830692	-11515.810166	0.041052
LOC100578537	-11168.232538	-11126.362899	83.7393
LOC100578560	-1648.884995	-1646.703349	4.36329
LOC100578586	-10975.789430	-10974.458024	2.66281
LOC100578697	-2798.850758	-2798.850758	0
LOC100578725	-1132.899352	-1132.890599	0.017506
LOC100578875	-4994.388249	-4994.388249	0
LOC100578893	-11052.707703	-11052.618064	0.179278
LOC102653793	-5539.355355	-5511.713720	55.2833
LOC102653879	-4449.503430	-4449.503430	0
LOC102653930	-1477.985645	-1477.985645	0
LOC102653951	-1985.255770	-1985.255749	4.2e-05
LOC102654014	-3589.496980	-3589.440172	0.113616
LOC102654165	-4715.763624	-4710.935411	9.65643
LOC102654312	-5274.316294	-5273.826732	0.979124
LOC102654349	-959.008669	-959.008669	0
LOC102654365	-8188.247976	-8186.451992	3.59197
LOC102654610	-3854.548263	-3853.200528	2.69547
LOC102654621	-6702.117314	-6702.117314	0
LOC102654987	-2046.651601	-2046.651601	0
LOC102655219	-4878.798431	-4878.798431	0
LOC102655244	-9659.104189	-9656.868758	4.47086
LOC102655259	-9875.411375	-9874.191228	2.44029
LOC102655470	-551.877892	-551.877892	0
LOC102655679	-3345.609077	-3344.104663	3.00883
LOC102655688	-7850.442550	-7848.026230	4.83264
LOC102655836	-6361.506730	-6361.506730	0
LOC102655877	-4942.266512	-4941.474918	1.58319
LOC102655904	-1683.673250	-1683.673250	0
LOC102655948	-4157.324455	-4157.324455	0
LOC102656183	-1841.318427	-1841.318427	0
LOC102656263	-2862.010085	-2862.010085	0
LOC102656287	-1672.372924	-1672.372924	0
LOC107963993	-5522.700036	-5522.700035	2e-06
LOC107964089	-2766.875513	-2766.875513	0
LOC107964507	-1443.433677	-1443.433677	0
LOC107965021	-1491.637550	-1491.637550	0
LOC107965199	-9219.353675	-9216.439969	5.82741
LOC107965225	-2527.742737	-2524.094723	7.29603
LOC107965250	-5534.918661	-5533.230291	3.37674
LOC107965266	-6702.702433	-6701.028518	3.34783
LOC107965508	-3968.870747	-3967.817670	2.10615
LOC107965749	-5550.249242	-5550.249242	0
LOC107965828	-3727.035259	-3716.391683	21.2872
LOC113218526	-11246.567405	-11246.567405	0
LOC113218534	-4986.822906	-4985.577259	2.49129
LOC113218670	-2779.783945	-2779.750839	0.066212
LOC406097	-8167.485872	-8167.485872	0
LOC406114	-9784.290195	-9777.381045	13.8183
LOC408271	-6691.074073	-6691.074073	0
LOC408286	-12232.233925	-12232.233925	0
LOC408303	-5192.955594	-5188.899389	8.11241
LOC408312	-7852.238405	-7851.026486	2.42384
LOC408355	-5887.085703	-5887.085703	0
LOC408358	-19044.786580	-19043.759475	2.05421
LOC408369	-3153.829046	-3150.269964	7.11816
LOC408391	-4453.430359	-4453.430113	0.000492
LOC408402	-7158.765833	-7158.765833	0
LOC408421	-9027.473878	-9027.473878	0
LOC408426	-3243.374498	-3241.320903	4.10719
LOC408434	-5855.223184	-5855.223184	0
LOC408438	-14420.457400	-14420.427956	0.058888
LOC408458	-13000.743084	-13000.549359	0.38745
LOC408461	-3730.843930	-3730.365912	0.956036
LOC408474	-9896.369752	-9896.262917	0.21367
LOC408501	-15061.013260	-15056.482647	9.06123
LOC408511	-3730.548919	-3728.117523	4.86279
LOC408520	-3362.198793	-3359.834276	4.72903
LOC408533	-16624.003942	-16622.811671	2.38454
LOC408573	-2865.070863	-2862.878069	4.38559
LOC408575	-4881.542644	-4881.466281	0.152726
LOC408592	-6446.388894	-6442.886486	7.00482
LOC408597	-4364.062841	-4364.062841	0
LOC408649	-7009.851912	-7009.851912	0
LOC408661	-9176.318628	-9171.106868	10.4235
LOC408668	-11328.530079	-11327.479612	2.10093
LOC408687	-3724.627164	-3724.599200	0.055928
LOC408717	-3367.632579	-3357.799837	19.6655
LOC408741	-4276.771064	-4276.771064	0
LOC408742	-8627.676528	-8627.676528	0
LOC408748	-2007.503673	-2007.503673	0
LOC408766	-2679.920519	-2656.527673	46.7857
LOC408774	-41882.237800	-41879.812532	4.85054
LOC408785	-3382.615012	-3382.615012	0
LOC408791	-15394.084771	-15389.522461	9.12462
LOC408793	-11757.930705	-11756.210583	3.44024
LOC408804	-12010.878996	-12009.825223	2.10755
LOC408808	-14399.865090	-14392.001110	15.728
LOC408815	-18477.398537	-18475.425642	3.94579
LOC408819	-2244.097422	-2244.097422	0
LOC408827	-3194.293488	-3189.860773	8.86543
LOC408833	-3062.368225	-3062.368225	0
LOC408834	-4227.465655	-4227.465655	0
LOC408851	-1541.030021	-1538.132336	5.79537
LOC408871	-5895.322651	-5895.322651	0
LOC408892	-5274.232943	-5274.232943	0
LOC408906	-7499.025300	-7498.452409	1.14578
LOC408924	-6090.558288	-6085.834829	9.44692
LOC408925	-9687.336807	-9687.336673	0.000268
LOC408955	-6712.871016	-6711.016278	3.70948
LOC408971	-2072.878508	-2072.878508	0
LOC408979	-5550.728621	-5550.728621	0
LOC408989	-9922.950741	-9918.548580	8.80432
LOC409004	-1718.906638	-1718.906638	0
LOC409023	-5131.887545	-5129.157810	5.45947
LOC409026	-3219.055095	-3214.497917	9.11436
LOC409032	-11854.578361	-11852.872055	3.41261
LOC409036	-1387.427078	-1380.215291	14.4236
LOC409041	-3904.582365	-3904.582365	0
LOC409055	-4803.422519	-4801.983818	2.8774
LOC409068	-4633.766557	-4633.759893	0.013328
LOC409098	-13358.971960	-13358.971960	0
LOC409103	-4365.739591	-4365.739591	0
LOC409125	-17253.327072	-17244.668540	17.3171
LOC409157	-7986.169284	-7984.375382	3.5878
LOC409165	-5611.590347	-5611.590347	0
LOC409179	-5795.654048	-5793.956931	3.39423
LOC409180	-6522.095076	-6517.237886	9.71438
LOC409189	-5524.846172	-5522.858406	3.97553
LOC409196	-7737.344656	-7735.045661	4.59799
LOC409201	-1896.510143	-1896.510143	0
LOC409203	-8510.895188	-8502.343621	17.1031
LOC409226	-7884.298878	-7878.645305	11.3071
LOC409245	-4574.149107	-4574.149107	0
LOC409249	-13673.344901	-13669.225344	8.23911
LOC409260	-6636.917241	-6636.917241	0
LOC409263	-3951.838985	-3950.281549	3.11487
LOC409265	-7542.990472	-7542.990472	0
LOC409270	-5552.650186	-5551.437183	2.42601
LOC409271	-24423.805860	-24423.408651	0.794418
LOC409286	-3546.257721	-3543.931679	4.65208
LOC409292	-4088.949445	-4088.949445	0
LOC409308	-763.917338	-763.917338	0
LOC409320	-3026.773317	-3026.773317	0
LOC409329	-3775.529978	-3775.529978	0
LOC409334	-9974.775643	-9971.467944	6.6154
LOC409336	-3567.733977	-3567.733977	0
LOC409341	-5688.325074	-5684.591824	7.4665
LOC409361	-2637.618142	-2637.618142	0
LOC409365	-14227.922691	-14221.952465	11.9405
LOC409373	-3668.925308	-3668.780621	0.289374
LOC409377	-7366.958656	-7366.896967	0.123378
LOC409386	-1128.455746	-1128.455746	0
LOC409388	-3101.167615	-3094.607904	13.1194
LOC409393	-26690.471048	-26690.471048	0
LOC409410	-5483.320361	-5483.320361	0
LOC409411	-3634.635429	-3634.635429	0
LOC409425	-11363.159695	-11363.052049	0.215292
LOC409427	-4579.086138	-4574.259050	9.65418
LOC409441	-4700.903465	-4699.698827	2.40928
LOC409465	-73.017796	-73.017799	-6e-06
LOC409488	-3499.029116	-3496.523246	5.01174
LOC409491	-4477.077034	-4471.700923	10.7522
LOC409495	-4291.753467	-4286.894457	9.71802
LOC409499	-4250.460048	-4250.460048	0
LOC409511	-3869.279618	-3857.287354	23.9845
LOC409520	-2979.344910	-2979.344910	0
LOC409523	-3503.344395	-3503.344395	0
LOC409529	-1982.098259	-1982.098259	0
LOC409538	-1997.107512	-1997.107512	0
LOC409559	-6154.657830	-6154.657830	0
LOC409586	-2949.343000	-2946.952777	4.78045
LOC409607	-3253.800576	-3253.800576	0
LOC409633	-3129.329342	-3127.756542	3.1456
LOC409643	-4798.964123	-4783.397779	31.1327
LOC409662	-3266.212308	-3266.212308	0
LOC409667	-1189.660777	-1189.604659	0.112236
LOC409670	-8492.174596	-8489.160013	6.02917
LOC409673	-31278.787751	-31276.905466	3.76457
LOC409689	-6430.665781	-6430.665781	0
LOC409704	-6896.029729	-6892.637315	6.78483
LOC409724	-7595.011453	-7592.513605	4.9957
LOC409726	-7539.847801	-7539.776936	0.14173
LOC409736	-5978.932648	-5978.318917	1.22746
LOC409740	-3625.849790	-3625.849790	0
LOC409749	-1615.791943	-1615.791943	0
LOC409762	-2216.206932	-2213.872714	4.66844
LOC409769	-5929.885378	-5929.885378	0
LOC409791	-3376.900494	-3376.900492	4e-06
LOC409795	-13935.686624	-13935.416457	0.540334
LOC409814	-9405.557133	-9405.557133	0
LOC409833	-5596.557197	-5595.527621	2.05915
LOC409838	-8522.598530	-8522.598530	0
LOC409852	-6697.354438	-6697.354201	0.000474
LOC409857	-1348.935352	-1348.935352	0
LOC409860	-7692.632640	-7691.965419	1.33444
LOC409863	-2787.524084	-2787.524084	0
LOC409900	-2511.296794	-2511.296794	0
LOC409905	-7204.418699	-7203.406423	2.02455
LOC409909	-4050.432403	-4048.444335	3.97614
LOC409910	-1749.489925	-1749.489919	1.2e-05
LOC409911	-6222.872183	-6222.619726	0.504914
LOC409920	-1198.586629	-1198.586629	0
LOC409924	-5834.668173	-5834.668173	0
LOC409925	-1961.403496	-1961.403496	0
LOC409928	-9808.943228	-9804.621723	8.64301
LOC409930	-2423.084558	-2423.084558	0
LOC409941	-10076.424947	-10073.310118	6.22966
LOC409945	-6608.550799	-6608.550799	0
LOC409976	-3427.080869	-3424.367329	5.42708
LOC410039	-5381.531884	-5377.509409	8.04495
LOC410055	-3522.668551	-3521.801479	1.73414
LOC410059	-5606.508456	-5606.508456	0
LOC410087	-3984.598245	-3984.235244	0.726002
LOC410091	-4573.560108	-4573.560108	0
LOC410097	-17933.460432	-17933.460432	0
LOC410105	-6457.322439	-6456.761254	1.12237
LOC410107	-8857.291084	-8854.256423	6.06932
LOC410118	-6281.322677	-6281.322677	0
LOC410155	-4.813935	-4.813935	0
LOC410157	-1649.285728	-1649.285728	0
LOC410159	-16586.708581	-16568.454290	36.5086
LOC410172	-5755.311026	-5755.311026	0
LOC410183	-19174.656698	-19174.562477	0.188442
LOC410241	-1791.330056	-1791.194099	0.271914
LOC410257	-4612.117404	-4611.625771	0.983266
LOC410270	-7501.713391	-7495.181594	13.0636
LOC410283	-3333.616019	-3330.521129	6.18978
LOC410286	-10663.081472	-10658.451020	9.2609
LOC410289	-10183.002941	-10183.002941	0
LOC410337	-11373.465700	-11368.449681	10.032
LOC410338	-4591.568242	-4591.568242	0
LOC410371	-12234.004783	-12230.927294	6.15498
LOC410376	-3835.541750	-3833.941512	3.20048
LOC410379	-11919.135421	-11910.245983	17.7789
LOC410383	-7112.292997	-7112.292997	0
LOC410395	-1773.151451	-1773.151451	0
LOC410414	-11960.456856	-11960.456856	0
LOC410420	-3314.340961	-3312.959780	2.76236
LOC410451	-8134.184825	-8133.865034	0.639582
LOC410456	-4976.688570	-4976.688570	0
LOC410470	-5472.080660	-5457.631006	28.8993
LOC410484	-10042.832659	-10034.944401	15.7765
LOC410485	-11483.847433	-11483.847433	0
LOC410510	-11042.233226	-11042.085296	0.29586
LOC410512	-4898.305385	-4898.305385	0
LOC410525	-1721.438280	-1721.438280	0
LOC410538	-10302.285451	-10302.268706	0.03349
LOC410542	-6071.288937	-6071.288936	2e-06
LOC410550	-8436.670484	-8435.954081	1.43281
LOC410561	-2759.569098	-2759.569098	0
LOC410571	-16251.350982	-16241.033706	20.6346
LOC410575	-3891.666172	-3870.538292	42.2558
LOC410577	-2902.903806	-2902.903806	0
LOC410583	-6366.214324	-6364.179673	4.0693
LOC410585	-21787.415530	-21787.041171	0.748718
LOC410618	-5970.073585	-5970.073585	0
LOC410630	-14532.472042	-14527.002809	10.9385
LOC410636	-1938.107879	-1937.885013	0.445732
LOC410663	-1727.270623	-1727.270623	0
LOC410664	-9260.792292	-9254.444561	12.6955
LOC410719	-5098.201509	-5098.201509	0
LOC410732	-5469.121003	-5462.094804	14.0524
LOC410811	-9056.774096	-9056.774096	0
LOC410812	-2064.696294	-2064.689137	0.014314
LOC410821	-3497.876907	-3495.205131	5.34355
LOC410837	-2911.867734	-2905.674850	12.3858
LOC410860	-3834.050301	-3829.950616	8.19937
LOC410879	-6015.780888	-6014.833579	1.89462
LOC410907	-5265.092470	-5264.512136	1.16067
LOC410911	-5904.255327	-5903.404953	1.70075
LOC410938	-6618.068892	-6618.062754	0.012276
LOC410940	-19511.199466	-19507.437482	7.52397
LOC410943	-3821.170035	-3819.810459	2.71915
LOC410952	-4535.154628	-4535.154628	0
LOC410969	-2270.968913	-2270.773567	0.390692
LOC410973	-1733.446819	-1733.446819	0
LOC410985	-3802.723183	-3802.678957	0.088452
LOC411043	-7237.731497	-7237.731495	4e-06
LOC411048	-2873.923180	-2873.923174	1.2e-05
LOC411054	-6097.485791	-6097.485791	0
LOC411070	-14449.467057	-14449.467057	0
LOC411088	-2119.727751	-2119.727751	0
LOC411100	-4162.951298	-4162.504941	0.892714
LOC411115	-41758.032228	-41742.399297	31.2659
LOC411147	-9623.495774	-9623.495774	0
LOC411148	-6837.276712	-6837.266949	0.019526
LOC411163	-6437.259683	-6434.494534	5.5303
LOC411164	-5705.028508	-5704.921859	0.213298
LOC411167	-7825.330663	-7825.330663	0
LOC411188	-5934.874358	-5934.874358	0
LOC411191	-2118.989135	-2118.989134	2e-06
LOC411214	-4469.465730	-4469.465730	0
LOC411233	-10185.077045	-10184.843469	0.467152
LOC411249	-13781.526129	-13776.113660	10.8249
LOC411260	-1234.409221	-1234.409221	0
LOC411261	-10247.616887	-10247.604640	0.024494
LOC411270	-9293.995190	-9290.404961	7.18046
LOC411288	-4587.352165	-4574.807847	25.0886
LOC411295	-2902.883720	-2900.356708	5.05402
LOC411306	-4868.048733	-4866.918377	2.26071
LOC411335	-2946.153621	-2945.885909	0.535424
LOC411347	-1998.007836	-1997.403057	1.20956
LOC411365	-3112.382520	-3112.382520	0
LOC411391	-3573.928031	-3573.928031	0
LOC411404	-5961.524411	-5961.524411	0
LOC411408	-2551.145037	-2551.145037	0
LOC411447	-7536.138400	-7534.893617	2.48957
LOC411458	-6766.212229	-6760.764961	10.8945
LOC411473	-8589.737808	-8589.466193	0.54323
LOC411474	-21665.853967	-21650.766174	30.1756
LOC411490	-7371.598353	-7371.473207	0.250292
LOC411509	-4233.694133	-4233.301372	0.785522
LOC411510	-4688.139754	-4681.091297	14.0969
LOC411519	-5563.088010	-5563.088004	1.2e-05
LOC411524	-2759.080413	-2759.080413	0
LOC411540	-8586.889393	-8586.891597	-0.004408
LOC411545	-11274.752158	-11271.668528	6.16726
LOC411552	-4243.072789	-4243.072789	0
LOC411564	-14041.344341	-14040.542855	1.60297
LOC411566	-14218.741286	-14218.741286	0
LOC411633	-4616.629717	-4616.629717	0
LOC411639	-48658.674244	-48658.626284	0.09592
LOC411654	-4248.369841	-4248.369841	0
LOC411665	-3358.369086	-3358.369086	0
LOC411698	-4871.428891	-4869.860493	3.1368
LOC411699	-12850.470496	-12847.031615	6.87776
LOC411719	-5305.447403	-5305.335454	0.223898
LOC411722	-4600.413474	-4598.779051	3.26885
LOC411724	-14210.315529	-14209.539538	1.55198
LOC411730	-11620.398832	-11619.930977	0.93571
LOC411731	-10038.370849	-10038.370849	0
LOC411732	-2908.913271	-2908.907125	0.012292
LOC411789	-2794.346764	-2794.346764	0
LOC411794	-6348.935329	-6337.495615	22.8794
LOC411799	-7228.825152	-7228.805862	0.03858
LOC411839	-6514.678850	-6512.016534	5.32463
LOC411856	-3807.499996	-3807.499996	0
LOC411875	-6719.844135	-6715.690449	8.30737
LOC411892	-4104.128903	-4104.128903	0
LOC411904	-10910.452593	-10910.338499	0.228188
LOC411906	-13909.570353	-13906.169898	6.80091
LOC411915	-4483.446939	-4477.741461	11.411
LOC411923	-13353.598407	-13348.488636	10.2195
LOC411972	-5822.876632	-5822.876632	0
LOC411980	-7731.620556	-7731.620556	0
LOC411982	-3144.740291	-3131.107485	27.2656
LOC411985	-16607.829100	-16602.335220	10.9878
LOC412003	-9398.818743	-9398.795747	0.045992
LOC412005	-4699.232239	-4696.664437	5.1356
LOC412018	-8724.251757	-8724.251757	0
LOC412024	-3821.766329	-3821.755889	0.02088
LOC412025	-9400.581626	-9399.449785	2.26368
LOC412027	-5538.269441	-5538.269441	0
LOC412030	-1637.825334	-1637.735659	0.17935
LOC412046	-22699.073681	-22694.438180	9.271
LOC412064	-2906.700604	-2906.700604	0
LOC412069	-6734.478092	-6724.362662	20.2309
LOC412082	-3646.381094	-3643.871945	5.0183
LOC412097	-12662.622992	-12658.942869	7.36025
LOC412115	-11938.863621	-11936.969140	3.78896
LOC412148	-2795.732311	-2795.732311	0
LOC412150	-11132.279099	-11132.279099	0
LOC412167	-11457.511897	-11435.061719	44.9004
LOC412177	-7314.442636	-7311.074408	6.73646
LOC412195	-6473.340323	-6472.426842	1.82696
LOC412198	-22068.354305	-22063.653480	9.40165
LOC412200	-9276.805445	-9276.506664	0.597562
LOC412232	-4360.262566	-4359.565928	1.39328
LOC412235	-4100.809538	-4100.786620	0.045836
LOC412245	-6785.817043	-6784.502664	2.62876
LOC412247	-4526.940707	-4526.940707	0
LOC412263	-13185.815729	-13185.645933	0.339592
LOC412276	-3723.425044	-3723.425044	0
LOC412277	-5278.605257	-5277.380354	2.44981
LOC412278	-19987.131323	-19921.426636	131.409
LOC412282	-16566.640893	-16566.438036	0.405714
LOC412287	-6894.945397	-6894.198130	1.49453
LOC412294	-4677.316733	-4675.118672	4.39612
LOC412303	-3565.722408	-3565.722408	0
LOC412332	-15625.239967	-15623.250342	3.97925
LOC412339	-3671.769024	-3671.769024	0
LOC412348	-2783.980460	-2783.980460	0
LOC412366	-4184.506950	-4184.149138	0.715624
LOC412378	-3228.792681	-3228.771198	0.042966
LOC412410	-7217.586934	-7216.678297	1.81727
LOC412422	-20053.236095	-20053.194526	0.083138
LOC412423	-5522.454440	-5522.454440	0
LOC412467	-7132.317472	-7132.306311	0.022322
LOC412470	-6924.765318	-6924.765318	0
LOC412526	-4472.401434	-4472.401434	0
LOC412540	-6666.188930	-6666.188930	0
LOC412547	-1364.990916	-1364.990916	0
LOC412554	-3045.134972	-3043.108606	4.05273
LOC412563	-6247.832050	-6245.868347	3.92741
LOC412573	-6802.123172	-6800.340701	3.56494
LOC412578	-2034.136583	-2034.136583	0
LOC412580	-7023.032684	-7022.141369	1.78263
LOC412598	-4695.718062	-4695.718062	0
LOC412612	-5358.477171	-5358.477171	0
LOC412619	-5596.623462	-5596.623462	0
LOC412623	-13045.981214	-13045.981214	0
LOC412624	-9646.067937	-9643.918285	4.2993
LOC412647	-4441.526574	-4441.526574	0
LOC412670	-6010.655000	-6007.393326	6.52335
LOC412675	-5426.595424	-5423.952085	5.28668
LOC412687	-5089.969779	-5089.959807	0.019944
LOC412690	-4603.877289	-4594.891380	17.9718
LOC412750	-12142.895042	-12142.895033	1.8e-05
LOC412762	-4391.481695	-4391.481695	0
LOC412810	-13654.770322	-13651.960191	5.62026
LOC412816	-3363.983001	-3363.983001	0
LOC412851	-4284.115005	-4284.115005	0
LOC412870	-1225.110408	-1224.935678	0.34946
LOC412878	-21367.679192	-21363.886675	7.58503
LOC412889	-5900.153755	-5898.474864	3.35778
LOC412931	-6698.957004	-6693.615371	10.6833
LOC412933	-4706.606701	-4706.606701	0
LOC412950	-9963.030093	-9961.547133	2.96592
LOC412956	-5086.250251	-5086.250250	2e-06
LOC413006	-3937.283940	-3937.283940	0
LOC413011	-6541.427851	-6540.209379	2.43694
LOC413030	-3243.874096	-3243.874096	0
LOC413032	-10858.815724	-10855.956822	5.7178
LOC413065	-3366.936963	-3364.549782	4.77436
LOC413074	-15813.336021	-15812.434038	1.80397
LOC413087	-9260.218486	-9255.706602	9.02377
LOC413101	-5153.687077	-5153.687077	0
LOC413106	-8394.063409	-8373.520836	41.0851
LOC413110	-2357.408332	-2357.170905	0.474854
LOC413119	-9905.894806	-9901.281880	9.22585
LOC413126	-7981.585195	-7981.497702	0.174986
LOC413133	-4603.867065	-4587.714111	32.3059
LOC413153	-6765.467084	-6741.524207	47.8858
LOC413179	-2625.108139	-2625.108139	0
LOC413194	-6045.955151	-6045.111315	1.68767
LOC413196	-3031.992700	-3031.959096	0.067208
LOC413208	-7433.310616	-7432.172646	2.27594
LOC413228	-7181.619524	-7181.513651	0.211746
LOC413233	-9523.081581	-9522.715017	0.733128
LOC413240	-2590.129582	-2590.129582	0
LOC413242	-9228.683630	-9220.243832	16.8796
LOC413246	-1774.871030	-1774.871030	0
LOC413250	-8335.367830	-8335.367829	2e-06
LOC413271	-6056.125458	-6054.444533	3.36185
LOC413275	-3464.263188	-3461.476586	5.5732
LOC413297	-3440.755141	-3440.755141	0
LOC413305	-8379.159480	-8372.462170	13.3946
LOC413365	-4213.459076	-4213.447738	0.022676
LOC413383	-3972.083901	-3960.486433	23.1949
LOC413389	-7716.158010	-7716.158010	0
LOC413394	-2011.849152	-2011.849152	0
LOC413411	-8656.859796	-8653.281516	7.15656
LOC413430	-5810.673798	-5807.607430	6.13274
LOC413489	-6376.890302	-6376.050109	1.68039
LOC413495	-3062.591156	-3062.591156	0
LOC413510	-16198.324411	-16194.166462	8.3159
LOC413520	-3290.528574	-3290.528574	0
LOC413529	-6611.014211	-6610.949674	0.129074
LOC413534	-5884.977866	-5883.856756	2.24222
LOC413542	-14148.209123	-14145.277349	5.86355
LOC413544	-7349.605291	-7349.605291	0
LOC413567	-4579.890718	-4578.650262	2.48091
LOC413573	-3467.595977	-3466.877905	1.43614
LOC413575	-10360.495380	-10358.239112	4.51254
LOC413576	-8636.632869	-8624.291646	24.6824
LOC413579	-6937.176227	-6935.990856	2.37074
LOC413583	-5832.925266	-5832.094733	1.66107
LOC413601	-3137.400759	-3137.372243	0.057032
LOC413614	-1777.597267	-1777.597267	0
LOC413619	-2277.441002	-2277.441002	0
LOC413643	-5606.216268	-5606.216268	0
LOC413668	-9638.334422	-9634.665136	7.33857
LOC413672	-8879.145350	-8877.723292	2.84412
LOC413678	-6229.539365	-6229.455482	0.167766
LOC413688	-6367.210393	-6367.210393	0
LOC413699	-6574.894936	-6574.471514	0.846844
LOC413713	-9222.453945	-9222.453945	0
LOC413736	-6734.747390	-6734.126059	1.24266
LOC413742	-8682.672688	-8682.671144	0.003088
LOC413772	-6427.038502	-6427.038502	0
LOC413782	-10263.633611	-10263.360433	0.546356
LOC413796	-13444.729905	-13443.610178	2.23945
LOC413815	-5049.290203	-5045.861763	6.85688
LOC413827	-3051.884675	-3051.884675	0
LOC413854	-10422.263305	-10378.060492	88.4056
LOC413873	-19750.130599	-19749.205500	1.8502
LOC413878	-7962.695898	-7962.357020	0.677756
LOC413881	-1660.479304	-1660.155083	0.648442
LOC413889	-4365.113872	-4365.070504	0.086736
LOC413909	-6454.490052	-6454.078351	0.823402
LOC413914	-3645.833203	-3645.833203	0
LOC413916	-3320.886423	-3320.807872	0.157102
LOC413917	-7411.790432	-7411.028424	1.52402
LOC413950	-12375.555113	-12368.952649	13.2049
LOC413976	-2372.516126	-2372.490366	0.05152
LOC413987	-6250.106109	-6249.021482	2.16925
LOC414009	-7156.233753	-7156.233753	0
LOC414027	-1935.101234	-1935.101234	0
LOC414035	-3394.832451	-3384.100787	21.4633
LOC414039	-1059.669180	-1059.319750	0.69886
LOC494509	-4054.868313	-4053.370208	2.99621
LOC550659	-4026.698761	-4026.698761	0
LOC550695	-7809.330189	-7808.008944	2.64249
LOC550701	-4189.747105	-4189.747105	0
LOC550710	-2253.958536	-2253.958536	0
LOC550716	-16238.254236	-16229.035614	18.4372
LOC550767	-3207.438085	-3206.163485	2.5492
LOC550780	-3220.398096	-3219.819632	1.15693
LOC550789	-4126.604938	-4126.094809	1.02026
LOC550804	-8601.263961	-8601.263961	0
LOC550829	-21941.976620	-21941.976618	4e-06
LOC550834	-817.656948	-817.656948	0
LOC550869	-6646.486422	-6645.667753	1.63734
LOC550881	-2534.853886	-2534.282672	1.14243
LOC550884	-6811.822342	-6811.778788	0.087108
LOC550885	-6911.685157	-6911.681279	0.007756
LOC550901	-4659.303211	-4659.281829	0.042764
LOC550903	-10069.891982	-10068.849604	2.08476
LOC550955	-3012.629468	-3006.937650	11.3836
LOC550970	-2253.395362	-2253.395362	0
LOC550998	-3085.436568	-3085.436568	0
LOC551009	-7266.297305	-7264.193422	4.20777
LOC551012	-7935.951037	-7934.232357	3.43736
LOC551036	-4706.658268	-4706.294363	0.72781
LOC551042	-2720.444342	-2713.306983	14.2747
LOC551057	-3197.480806	-3197.420420	0.120772
LOC551088	-5553.155374	-5551.984992	2.34076
LOC551093	-7056.835034	-7055.504174	2.66172
LOC551100	-3019.710102	-3019.246557	0.92709
LOC551114	-2324.686846	-2324.686846	0
LOC551116	-3518.970445	-3513.868840	10.2032
LOC551133	-4719.182382	-4700.481433	37.4019
LOC551177	-1930.592268	-1930.592268	0
LOC551194	-6823.631898	-6822.755602	1.75259
LOC551198	-3718.029783	-3718.029783	0
LOC551207	-9938.478373	-9938.074681	0.807384
LOC551208	-4438.405503	-4438.016110	0.778786
LOC551212	-8423.968797	-8411.500315	24.937
LOC551219	-7523.066198	-7523.002264	0.127868
LOC551231	-4950.083801	-4950.077867	0.011868
LOC551248	-1832.733291	-1832.560057	0.346468
LOC551276	-6594.643719	-6593.124125	3.03919
LOC551290	-5727.570742	-5720.273367	14.5948
LOC551304	-616.764435	-614.895748	3.73737
LOC551314	-10207.692710	-10204.487589	6.41024
LOC551324	-5243.778971	-5243.778971	0
LOC551353	-2673.199093	-2673.199093	0
LOC551364	-5759.973524	-5759.973524	0
LOC551379	-6007.484794	-6007.484794	0
LOC551381	-1151.874264	-1151.874264	0
LOC551384	-4599.750794	-4599.750003	0.001582
LOC551392	-5844.851030	-5842.927454	3.84715
LOC551395	-6401.606959	-6398.652756	5.90841
LOC551398	-14744.915179	-14744.323674	1.18301
LOC551405	-6984.770896	-6979.181214	11.1794
LOC551413	-2000.555186	-1999.131460	2.84745
LOC551414	-4317.138958	-4317.138958	0
LOC551416	-6701.936170	-6697.887042	8.09826
LOC551425	-12963.295584	-12954.351517	17.8881
LOC551426	-4221.720691	-4218.595806	6.24977
LOC551435	-7477.558146	-7474.595612	5.92507
LOC551439	-4177.540251	-4177.474346	0.13181
LOC551441	-3468.398677	-3465.284245	6.22886
LOC551445	-3839.702798	-3839.702798	0
LOC551447	-5453.958311	-5453.958311	0
LOC551448	-3110.713180	-3110.713180	0
LOC551452	-4863.923418	-4862.809557	2.22772
LOC551457	-4511.779851	-4511.655009	0.249684
LOC551467	-4961.844255	-4961.844255	0
LOC551484	-8679.612659	-8677.703025	3.81927
LOC551500	-12792.509126	-12792.509126	0
LOC551501	-2174.829876	-2174.829876	0
LOC551517	-5422.364220	-5420.764137	3.20017
LOC551530	-22899.107765	-22899.107766	-2e-06
LOC551549	-6413.451813	-6400.592118	25.7194
LOC551554	-1774.853980	-1774.853980	0
LOC551578	-9706.921029	-9706.422400	0.997258
LOC551581	-6620.487903	-6620.255067	0.465672
LOC551589	-2397.070873	-2395.279196	3.58335
LOC551602	-7255.704918	-7253.081873	5.24609
LOC551603	-2249.962729	-2249.962729	0
LOC551607	-1218.470597	-1218.470597	0
LOC551608	-5541.056108	-5540.978872	0.154472
LOC551618	-6347.856236	-6344.541154	6.63016
LOC551619	-11127.720831	-11125.735184	3.97129
LOC551629	-16523.384548	-16521.293703	4.18169
LOC551631	-8646.697075	-8640.295386	12.8034
LOC551642	-5157.260380	-5155.998128	2.5245
LOC551662	-3115.845489	-3115.672412	0.346154
LOC551664	-4228.850439	-4228.850439	0
LOC551668	-12716.765857	-12715.913754	1.70421
LOC551679	-2571.225967	-2571.225967	0
LOC551683	-4678.700894	-4678.700894	0
LOC551695	-774.725484	-774.725484	0
LOC551699	-5560.253584	-5560.253584	0
LOC551709	-13613.016817	-13612.822453	0.388728
LOC551712	-6054.850884	-6054.850884	0
LOC551721	-5469.215878	-5469.215878	0
LOC551732	-4440.212875	-4440.212875	0
LOC551749	-8040.320063	-8040.320063	0
LOC551753	-18538.157606	-18537.260635	1.79394
LOC551755	-1413.368783	-1413.368783	0
LOC551757	-2041.713497	-2041.700570	0.025854
LOC551794	-2251.327886	-2249.545170	3.56543
LOC551806	-4515.116036	-4513.579527	3.07302
LOC551815	-5099.369332	-5096.566159	5.60635
LOC551817	-1585.887812	-1585.252736	1.27015
LOC551819	-5327.896417	-5327.896416	2e-06
LOC551827	-4300.964363	-4300.964363	0
LOC551847	-4548.426886	-4539.993433	16.8669
LOC551872	-3584.071243	-3583.398623	1.34524
LOC551882	-3001.608211	-2996.142678	10.9311
LOC551890	-5386.899989	-5386.899989	0
LOC551892	-3558.998726	-3558.320603	1.35625
LOC551898	-1350.950467	-1347.834835	6.23126
LOC551912	-1036.598092	-1036.598092	0
LOC551922	-2200.031656	-2200.031656	0
LOC551952	-3787.025869	-3786.130726	1.79029
LOC551961	-1620.473003	-1620.471264	0.003478
LOC551962	-2940.097634	-2940.097634	0
LOC551964	-7894.830820	-7892.265276	5.13109
LOC551969	-7050.674178	-7046.985057	7.37824
LOC551970	-15414.656300	-15414.550745	0.21111
LOC551972	-5728.438505	-5728.438505	0
LOC551980	-3298.724010	-3298.724010	0
LOC551982	-2492.271673	-2492.271673	0
LOC551986	-4592.076395	-4592.076395	0
LOC552000	-2613.657394	-2609.794846	7.7251
LOC552003	-3044.675259	-3043.093347	3.16382
LOC552009	-3763.669407	-3758.506135	10.3265
LOC552036	-5937.545611	-5936.882214	1.32679
LOC552043	-3828.757801	-3828.757801	0
LOC552051	-3771.117445	-3771.117445	0
LOC552056	-6045.070808	-6045.007304	0.127008
LOC552091	-4491.426135	-4484.053306	14.7457
LOC552093	-3922.931550	-3921.135789	3.59152
LOC552095	-16145.277090	-16143.819584	2.91501
LOC552124	-3112.807281	-3112.807281	0
LOC552138	-1834.533773	-1834.533773	0
LOC552139	-3882.909768	-3882.909767	2e-06
LOC552141	-3434.614368	-3434.614367	2e-06
LOC552144	-6868.551128	-6868.551128	0
LOC552145	-2053.281039	-2053.281039	0
LOC552150	-4890.491519	-4887.327086	6.32887
LOC552156	-6458.239400	-6458.239400	0
LOC552161	-1438.159188	-1431.814059	12.6903
LOC552163	-5992.699519	-5992.037563	1.32391
LOC552180	-1771.022724	-1771.022724	0
LOC552181	-3411.204878	-3409.805065	2.79963
LOC552191	-4864.152387	-4856.195505	15.9138
LOC552194	-6185.106074	-6185.105971	0.000206
LOC552196	-2466.018745	-2464.910694	2.2161
LOC552197	-4252.746174	-4252.746174	0
LOC552204	-1887.513281	-1887.513281	0
LOC552213	-2025.576318	-2025.576318	0
LOC552237	-2364.859545	-2362.092614	5.53386
LOC552245	-8798.374293	-8797.673050	1.40249
LOC552246	-4616.084063	-4616.057550	0.053026
LOC552247	-9218.737290	-9217.697406	2.07977
LOC552249	-18833.091680	-18827.032085	12.1192
LOC552254	-5444.035287	-5443.828211	0.414152
LOC552263	-4095.881417	-4093.416743	4.92935
LOC552278	-4537.856298	-4537.856298	0
LOC552283	-3851.076380	-3848.735626	4.68151
LOC552315	-3617.009733	-3617.009733	0
LOC552327	-4881.318780	-4881.192754	0.252052
LOC552348	-2190.673094	-2190.673094	0
LOC552353	-1857.470228	-1852.987727	8.965
LOC552377	-4743.361916	-4743.361916	0
LOC552392	-5086.928885	-5085.679995	2.49778
LOC552398	-4583.302473	-4583.248481	0.107984
LOC552403	-1387.966667	-1386.096950	3.73943
LOC552410	-1337.484059	-1337.484059	0
LOC552413	-3971.542816	-3971.542816	0
LOC552417	-7238.563908	-7237.664363	1.79909
LOC552419	-2045.449963	-2044.956534	0.986858
LOC552424	-3303.796180	-3303.796180	0
LOC552426	-2634.553120	-2633.267641	2.57096
LOC552432	-5856.573331	-5856.530594	0.085474
LOC552441	-2882.381419	-2882.376350	0.010138
LOC552443	-2459.606690	-2459.606690	0
LOC552449	-2505.363970	-2496.572887	17.5822
LOC552451	-4827.572715	-4820.330105	14.4852
LOC552455	-7510.969401	-7508.250474	5.43785
LOC552460	-1444.308775	-1444.308775	0
LOC552476	-1291.006958	-1291.006958	0
LOC552479	-9846.581275	-9846.376045	0.41046
LOC552485	-5724.748706	-5723.356689	2.78403
LOC552488	-5060.092005	-5056.879552	6.42491
LOC552495	-10442.688595	-10439.618282	6.14063
LOC552496	-9483.717447	-9462.359668	42.7156
LOC552501	-1707.700006	-1707.700006	0
LOC552510	-7506.693094	-7504.601528	4.18313
LOC552511	-3713.417321	-3711.989744	2.85515
LOC552516	-3835.835799	-3835.835799	0
LOC552520	-4010.509596	-4010.509596	0
LOC552522	-7295.161930	-7295.161930	0
LOC552528	-8221.233670	-8221.193285	0.08077
LOC552529	-1442.832454	-1442.832454	0
LOC552531	-1156.392960	-1154.817891	3.15014
LOC552533	-6643.372198	-6639.620268	7.50386
LOC552549	-5888.449448	-5888.449448	0
LOC552551	-1412.671957	-1410.858446	3.62702
LOC552562	-5277.861629	-5269.730972	16.2613
LOC552566	-6584.671858	-6584.671858	0
LOC552571	-7717.996382	-7717.354932	1.2829
LOC552590	-4501.767885	-4501.767885	0
LOC552592	-7852.503302	-7851.797889	1.41083
LOC552599	-1707.970135	-1706.326951	3.28637
LOC552607	-3788.726691	-3788.726691	0
LOC552641	-5471.018447	-5466.525569	8.98576
LOC552643	-9172.138297	-9172.138297	0
LOC552654	-2662.458917	-2662.379801	0.158232
LOC552656	-6490.487191	-6489.538068	1.89825
LOC552658	-12951.789541	-12951.487816	0.60345
LOC552662	-5090.904424	-5090.359101	1.09065
LOC552674	-12023.051029	-11998.739054	48.624
LOC552686	-2400.027219	-2400.027219	0
LOC552688	-3352.888123	-3352.888123	0
LOC552696	-4999.679554	-4999.679554	0
LOC552715	-3718.026177	-3718.026177	0
LOC552719	-1356.259252	-1356.259252	0
LOC552720	-2773.928856	-2773.928856	0
LOC552721	-2724.954687	-2724.954687	0
LOC552723	-6982.206293	-6982.206293	0
LOC552725	-7219.506176	-7219.435890	0.140572
LOC552730	-1987.200062	-1985.152637	4.09485
LOC552734	-3612.973609	-3608.517824	8.91157
LOC552745	-5318.726059	-5317.192351	3.06742
LOC552747	-8784.438886	-8782.347986	4.1818
LOC552748	-5417.651904	-5417.651904	0
LOC552756	-5463.979749	-5462.113529	3.73244
LOC552766	-5316.549024	-5316.549024	0
LOC552769	-3739.945151	-3739.945151	0
LOC552772	-1495.034675	-1494.019397	2.03056
LOC552776	-7492.605076	-7492.187715	0.834722
LOC552779	-1772.783965	-1772.783965	0
LOC552787	-10205.401254	-10205.386700	0.029108
LOC552794	-14955.173146	-14955.173118	5.6e-05
LOC552797	-3951.021396	-3951.021341	0.00011
LOC552802	-1566.780233	-1566.739751	0.080964
LOC552804	-5429.782947	-5424.771862	10.0222
LOC552807	-1728.076965	-1728.076965	0
LOC552827	-649.292971	-649.292971	0
LOC552832	-4644.741554	-4644.741554	0
LOC552839			0
LOC724169	-2665.416701	-2660.350755	10.1319
LOC724170	-5172.406285	-5172.406285	0
LOC724188	-1179.301877	-1178.467633	1.66849
LOC724215	-19312.325461	-19283.226391	58.1981
LOC724216	-4451.766004	-4446.592324	10.3474
LOC724218	-4687.022114	-4683.026924	7.99038
LOC724239	-5504.883408	-5501.289913	7.18699
LOC724241	-1180.955519	-1180.101049	1.70894
LOC724247	-7254.830886	-7253.136926	3.38792
LOC724256	-2894.676849	-2892.954748	3.4442
LOC724291	-5076.180347	-5076.180347	0
LOC724292	-5265.717297	-5252.026897	27.3808
LOC724296	-9733.718895	-9731.043012	5.35177
LOC724303	-1586.194380	-1581.845545	8.69767
LOC724323	-4950.365919	-4945.759815	9.21221
LOC724339	-7436.484083	-7436.470512	0.027142
LOC724341	-3284.459978	-3283.748988	1.42198
LOC724343	-1742.921557	-1742.921557	0
LOC724350	-2653.790198	-2653.790198	0
LOC724365	-1522.771474	-1522.264199	1.01455
LOC724366	-1865.377902	-1865.377902	0
LOC724386	-3061.307218	-3059.083906	4.44662
LOC724407	-175.117717	-175.117716	2e-06
LOC724408	-1514.739114	-1514.739114	0
LOC724423	-25723.676610	-25720.335384	6.68245
LOC724432	-4442.140612	-4442.140611	2e-06
LOC724443	-4991.784579	-4991.784579	0
LOC724486	-1580.549309	-1580.549309	0
LOC724488	-3320.427829	-3320.325932	0.203794
LOC724496	-6302.743797	-6302.337817	0.81196
LOC724510	-13883.411655	-13882.694908	1.43349
LOC724533	-1635.691831	-1635.691831	0
LOC724542	-9432.221561	-9432.221561	0
LOC724625	-693.014415	-693.014415	0
LOC724630	-1306.240236	-1306.240236	0
LOC724648	-2501.380828	-2501.380828	0
LOC724654	-1841.781412	-1841.781412	0
LOC724656	-11805.336249	-11782.915086	44.8423
LOC724700	-5567.014136	-5551.922183	30.1839
LOC724703	-8127.032429	-8127.032429	0
LOC724704	-5423.795086	-5423.795086	0
LOC724710	-3303.600001	-3303.600001	0
LOC724741	-9708.437588	-9706.581870	3.71144
LOC724742	-4386.830245	-4382.188833	9.28282
LOC724769	-1441.037036	-1441.037036	0
LOC724786	-1657.627641	-1656.693594	1.86809
LOC724790	-3186.284920	-3186.284920	0
LOC724794	-1300.948335	-1300.948335	0
LOC724798	-5221.708877	-5220.842383	1.73299
LOC724809	-9253.336722	-9250.663985	5.34547
LOC724827	-2952.496574	-2947.978460	9.03623
LOC724863	-8305.882030	-8292.883317	25.9974
LOC724865	-13064.624857	-13059.875670	9.49837
LOC724885	-3006.676775	-3005.914219	1.52511
LOC724888	-1163.770835	-1163.770834	2e-06
LOC724891	-7419.956867	-7419.956867	0
LOC724896	-897.997346	-897.997346	0
LOC724926	-10600.069506	-10600.069506	0
LOC724930	-8432.834497	-8432.817919	0.033156
LOC724932	-5571.467898	-5571.467898	0
LOC724947	-3718.601208	-3718.601208	0
LOC724948	-10897.356483	-10897.356483	0
LOC724953	-2907.357220	-2907.357220	0
LOC724954	-1903.709485	-1897.879875	11.6592
LOC725023	-5979.156928	-5979.156928	0
LOC725026	-5281.308901	-5271.836037	18.9457
LOC725044	-5789.920271	-5745.705858	88.4288
LOC725055	-610.268051	-610.184063	0.167976
LOC725111	-11572.267304	-11570.891181	2.75225
LOC725142	-937.014352	-937.014352	0
LOC725143	-4412.946294	-4412.881017	0.130554
LOC725146	-4319.776191	-4319.529551	0.49328
LOC725149	-12536.991762	-12536.991761	2e-06
LOC725178	-8401.555840	-8395.673222	11.7652
LOC725184	-1251.542292	-1251.542291	2e-06
LOC725204	-4052.394145	-4052.326280	0.13573
LOC725216	-23584.396203	-23583.675991	1.44042
LOC725238	-4050.652659	-4048.535034	4.23525
LOC725240	-1341.384474	-1341.384474	0
LOC725261	-1895.992891	-1895.369432	1.24692
LOC725266	-1597.718630	-1597.679869	0.077522
LOC725306	-25336.057656	-25329.466717	13.1819
LOC725316	-1530.837293	-1530.661440	0.351706
LOC725320	-9135.031508	-9135.031508	0
LOC725325	-6962.044002	-6962.044002	0
LOC725330	-6684.878182	-6684.151906	1.45255
LOC725343	-7669.695779	-7669.128318	1.13492
LOC725345	-1103.564154	-1101.705997	3.71631
LOC725348	-5127.311151	-5127.311144	1.4e-05
LOC725362	-3369.829217	-3369.829217	0
LOC725363	-4361.329714	-4360.277958	2.10351
LOC725368	-5179.499813	-5175.627290	7.74505
LOC725374	-2599.178191	-2597.254426	3.84753
LOC725388	-8551.412975	-8549.487619	3.85071
LOC725416	-1613.996666	-1613.996666	0
LOC725459	-3231.289615	-3231.289615	0
LOC725477	-7612.210724	-7610.949269	2.52291
LOC725478	-2644.000359	-2637.557495	12.8857
LOC725486	-10207.640673	-10207.640673	0
LOC725491	-2187.162933	-2187.162933	0
LOC725496	-5605.453598	-5605.453598	0
LOC725505	-3032.881611	-3032.881611	0
LOC725512	-7064.614393	-7063.033491	3.1618
LOC725529	-3798.624128	-3798.624128	0
LOC725539	-7693.716743	-7693.716743	0
LOC725551	-2733.209272	-2733.209272	0
LOC725552	-9520.068352	-9520.068352	0
LOC725566	-1887.537196	-1887.537196	0
LOC725569	-4834.001862	-4834.001862	0
LOC725571	-5648.086291	-5648.086291	0
LOC725572	-1223.960716	-1223.442249	1.03693
LOC725576	-8934.718517	-8932.443055	4.55092
LOC725603	-2562.758159	-2561.288367	2.93958
LOC725609	-852.022214	-851.917826	0.208776
LOC725611	-20475.150478	-20459.974511	30.3519
LOC725612	-13455.219316	-13454.640083	1.15847
LOC725628	-3091.028907	-3091.028907	0
LOC725633	-1653.328958	-1652.513062	1.63179
LOC725641	-1089.461614	-1089.461614	0
LOC725661	-7075.550362	-7075.438272	0.22418
LOC725686	-929.313208	-929.313208	0
LOC725688	-2398.854497	-2394.140188	9.42862
LOC725690	-4182.857852	-4182.794574	0.126556
LOC725701	-7080.889930	-7080.889930	0
LOC725705	-1294.908540	-1294.908540	0
LOC725719	-14074.949988	-14073.433062	3.03385
LOC725744	-2708.708848	-2708.708848	0
LOC725753	-3534.464323	-3534.396512	0.135622
LOC725756	-6755.901876	-6755.901876	0
LOC725770	-9183.127761	-9183.127761	0
LOC725780	-4297.606824	-4297.606824	0
LOC725801	-4897.262128	-4897.262128	0
LOC725835	-1358.767738	-1358.767738	0
LOC725856	-1569.503077	-1569.503077	0
LOC725880	-784.867809	-784.867809	0
LOC725881	-3506.153949	-3505.240216	1.82747
LOC725896	-6160.377021	-6160.377021	0
LOC725899	-5338.742511	-5338.504279	0.476464
LOC725922	-7228.923142	-7228.923142	0
LOC725942	-1794.720961	-1793.649400	2.14312
LOC725947	-697.807639	-697.807639	0
LOC726002	-14679.168140	-14679.063995	0.20829
LOC726015	-3664.975414	-3664.822111	0.306606
LOC726030	-9866.227506	-9861.877968	8.69908
LOC726040	-12603.671833	-12600.761908	5.81985
LOC726061	-1378.641327	-1378.641327	0
LOC726095	-4072.112815	-4072.112815	0
LOC726102	-7505.522603	-7502.747370	5.55047
LOC726118	-1704.540588	-1699.519502	10.0422
LOC726131	-1222.855996	-1222.852577	0.006838
LOC726163	-3001.094768	-3001.094768	0
LOC726164	-2448.182732	-2439.471804	17.4219
LOC726167	-3193.463704	-3165.610962	55.7055
LOC726172	-4147.811510	-4147.811510	0
LOC726187	-9026.033822	-9025.429024	1.2096
LOC726197	-2042.178181	-2042.178181	0
LOC726205	-3190.296600	-3190.296600	0
LOC726212	-8575.546123	-8574.711996	1.66825
LOC726221	-1607.560724	-1606.292891	2.53567
LOC726227	-6975.494790	-6973.569815	3.84995
LOC726237	-3813.919119	-3813.459223	0.919792
LOC726239	-3949.450178	-3947.351023	4.19831
LOC726240	-1815.337061	-1815.337061	0
LOC726253	-2813.190800	-2813.190800	0
LOC726255	-5103.157831	-5101.388035	3.53959
LOC726289	-2497.663399	-2497.485067	0.356664
LOC726302	-2535.089916	-2535.089916	0
LOC726303	-3607.379008	-3606.835496	1.08702
LOC726310	-12841.685672	-12834.115819	15.1397
LOC726315	-7354.199626	-7336.187921	36.0234
LOC726352	-3609.728946	-3609.728946	0
LOC726380	-4364.926754	-4346.551622	36.7503
LOC726389	-5695.054800	-5694.970347	0.168906
LOC726409	-1904.633285	-1904.633285	0
LOC726414	-11945.996113	-11944.158133	3.67596
LOC726418	-5996.831075	-5974.753130	44.1559
LOC726428	-2637.527818	-2636.439609	2.17642
LOC726497	-27782.609790	-27782.609790	0
LOC726498	-1537.208172	-1537.208168	8e-06
LOC726500	-1419.443107	-1419.387417	0.11138
LOC726540	-15843.499011	-15843.499006	1e-05
LOC726562	-8077.233543	-8074.948344	4.5704
LOC726579	-8545.529827	-8534.989646	21.0804
LOC726583	-10078.581835	-10078.572666	0.018338
LOC726609	-1844.782895	-1844.782869	5.2e-05
LOC726626	-2254.921174	-2254.921174	0
LOC726637	-9594.299616	-9594.299616	0
LOC726666	-909.417759	-905.518749	7.79802
LOC726720	-1803.302657	-1802.109768	2.38578
LOC726721	-686.181886	-686.181886	0
LOC726742	-13847.655269	-13839.595361	16.1198
LOC726747	-1758.495851	-1758.495851	0
LOC726754	-4805.248553	-4800.857689	8.78173
LOC726760	-8979.373064	-8976.505504	5.73512
LOC726800	-4908.715122	-4908.715122	0
LOC726811	-4439.919877	-4439.919877	0
LOC726812	-6198.519372	-6198.035876	0.966992
LOC726822	-2817.509751	-2817.509751	0
LOC726826	-5687.025005	-5686.721017	0.607976
LOC726850	-1873.046596	-1871.608478	2.87624
LOC726869	-7608.695253	-7608.695253	0
LOC726872	-2536.433004	-2536.433004	0
LOC726887	-3254.414899	-3246.928680	14.9724
LOC726890	-4037.684632	-4037.684632	0
LOC726923	-1197.805199	-1197.805199	0
LOC726928	-12036.547125	-12032.208330	8.67759
LOC726947	-7488.163211	-7463.315181	49.6961
LOC726958	-2631.326238	-2631.326238	0
LOC726983	-7620.715973	-7620.115397	1.20115
LOC726999	-3886.032928	-3886.032928	0
LOC727004	-2402.285375	-2401.601632	1.36749
LOC727009	-9840.414565	-9840.414565	0
LOC727022	-8904.771283	-8894.654231	20.2341
LOC727025	-589.044256	-589.044256	0
LOC727027	-8364.874629	-8356.108161	17.5329
LOC727048	-3675.448269	-3673.777718	3.3411
LOC727116	-2543.143720	-2540.647810	4.99182
LOC727122	-1112.993066	-1110.512173	4.96179
LOC727146	-10203.742840	-10203.737734	0.010212
LOC727186	-1443.893569	-1443.893569	0
LOC727229	-9289.113032	-9287.692752	2.84056
LOC727237	-6709.744286	-6702.714798	14.059
LOC727238	-25791.326552	-25783.262547	16.128
LOC727299	-5624.773816	-5624.773816	0
LOC727303	-5358.083621	-5357.244790	1.67766
LOC727320	-7657.592423	-7654.012300	7.16025
LOC727378	-921.224697	-919.166967	4.11546
LOC727396	-14788.334741	-14785.724915	5.21965
LOC727420	-4412.110724	-4409.635545	4.95036
LOC727456	-274.594384	-271.872816	5.44314
LOC727495	-11492.501038	-11490.429098	4.14388
LOC727539	-3919.855459	-3919.606363	0.498192
LOC727582	-4871.524689	-4871.524689	0
LOC727622	-5672.302803	-5672.302803	0
LOC727634	-5972.535442	-5971.734974	1.60094
LOC727652	-17787.297550	-17784.062295	6.47051
NOS	-14233.809137	-14231.935040	3.74819
PGRP-S3	-2052.809389	-2052.809389	0
Ppib	-2074.794769	-2074.794769	0
PPO	-8208.934837	-8208.934837	0
Pten	-1745.682421	-1745.682421	0
Rnft2	-6016.819021	-6016.819021	0
RpL35	-1631.643468	-1631.643467	2e-06
Smb	-1754.295329	-1754.295329	0
Snf	-2314.796268	-2314.796268	0
STT3B	-7329.371459	-7329.371459	0
Tpi	-2709.981447	-2709.121214	1.72047
Tspan6	-4801.370870	-4789.377863	23.986
Usp	-4582.078581	-4582.078581	0
Vg	-42683.441616	-42663.544733	39.7938
Vha16	-1298.027822	-1298.027822	0
LOC406097	-8167.485872	-8167.485872	0
LOC408358	-19044.786580	-19043.759475	2.05421
LOC408391	-4453.430359	-4453.430113	0.000492
LOC408426	-3243.374498	-3241.320903	4.10719
LOC408438	-14420.457400	-14420.427956	0.058888
LOC408717	-3367.632579	-3357.799837	19.6655
LOC408808	-14399.865090	-14392.001110	15.728
LOC408834	-4227.465655	-4227.465655	0
LOC408851	-1541.030021	-1538.132336	5.79537
LOC408924	-6090.558288	-6085.834829	9.44692
LOC409036	-1387.427078	-1380.215291	14.4236
LOC409055	-4803.422519	-4801.983818	2.8774
LOC409125	-17253.327072	-17244.668540	17.3171
LOC409165	-5611.590347	-5611.590347	0
LOC409226	-7884.298878	-7878.645305	11.3071
LOC409286	-3546.257721	-3543.931679	4.65208
LOC409334	-9974.775643	-9971.467944	6.6154
LOC409336	-3567.733977	-3567.733977	0
LOC409341	-5688.325074	-5684.591824	7.4665
LOC409365	-14227.922691	-14221.952465	11.9405
LOC409386	-1128.455746	-1128.455746	0
LOC409393	-26690.471048	-26690.471048	0
LOC409495	-4291.753467	-4286.894457	9.71802
LOC409523	-3503.344395	-3503.344395	0
LOC409529	-1982.098259	-1982.098259	0
LOC411270	-9293.995190	-9290.404961	7.18046
LOC411295	-2902.883720	-2900.356708	5.05402
LOC411519	-5563.088010	-5563.088004	1.2e-05
LOC411566	-14218.741286	-14218.741286	0
LOC411639	-48658.674244	-48658.626284	0.09592
LOC411892	-4104.128903	-4104.128903	0
LOC411915	-4483.446939	-4477.741461	11.411
LOC411980	-7731.620556	-7731.620556	0
LOC552062	-5449.811004	-5449.811004	0
LOC102654146	-4543.450289	-4536.138749	14.6231
LOC411083	-11595.718006	-11567.480197	56.4756
LOC411457	-5567.640492	-5565.447098	4.38679
LOC411796	-5310.815125	-5310.517198	0.595854
LOC551837	-12242.433613	-12238.015000	8.83723
LOC551931	-3245.582220	-3245.582220	0
LOC726476	-4810.374166	-4810.374166	0
