Gene	lnL_Null	lnL_Alt	LRT
Arp1	-3663.261697	-3662.354067	1.81526
B-gluc1	-8573.173033	-8573.173033	0
Cox6c	-1488.687407	-1488.681798	0.011218
CPR14	-1853.764022	-1853.764022	0
CPR19	-3259.185553	-3259.185553	0
CSP6	-1980.436066	-1980.436066	0
CytC	-1423.033979	-1423.033979	0
Dcr-1	-17101.318351	-17097.259064	8.11857
Dl	-10524.740686	-10524.740686	0
Dnmt3	-9954.468542	-9954.468542	0
Ecr	-4687.473094	-4687.473094	0
egh	-5747.501473	-5747.501473	0
FAR1	-7140.612671	-7140.612671	0
Gat-1B	-7467.064366	-7464.957710	4.21331
Gat-a	-7591.100997	-7591.100997	0
Gfat2	-9215.081440	-9215.081440	0
GlnS	-5415.012726	-5415.012726	0
GstD1	-4379.671228	-4379.540596	0.261264
GstS4	-3263.196695	-3262.974857	0.443676
Imd	-4527.771425	-4527.771425	0
Jtb	-8379.914045	-8379.914045	0
KAT2A	-9465.190172	-9465.053606	0.273132
LOC100379261	-6101.949822	-6101.949822	0
LOC100576099	-2090.362995	-2089.883876	0.958238
LOC100576186	-7576.978601	-7576.978601	0
LOC100576195	-1535.645907	-1535.645907	0
LOC100576337	-3432.109563	-3430.843080	2.53297
LOC100576383	-6944.525128	-6944.525128	0
LOC100576411	-9062.545118	-9062.523791	0.042654
LOC100576527	-8835.198927	-8835.198927	0
LOC100576646	-3361.554338	-3361.554338	0
LOC100576649	-8759.901436	-8759.901436	0
LOC100576660	-9024.365577	-9024.365577	0
LOC100576742	-15597.800526	-15597.800526	0
LOC100576795	-3887.284917	-3887.284917	0
LOC100576801	-3752.271768	-3752.271768	0
LOC100576818	-4872.523346	-4867.795940	9.45481
LOC100576819	-7680.563480	-7680.563480	0
LOC100576826	-3583.492090	-3583.492090	0
LOC100576862	-6293.424137	-6293.424137	0
LOC100577002	-8135.158212	-8135.158212	0
LOC100577019	-486.706501	-486.706501	0
LOC100577050	-8148.679904	-8148.679904	0
LOC100577053	-9028.233067	-9028.233067	0
LOC100577136	-5982.232286	-5981.774621	0.91533
LOC100577140	-8774.584201	-8774.584201	0
LOC100577174	-18794.339924	-18794.339924	0
LOC100577196	-9771.453097	-9760.780697	21.3448
LOC100577401	-16688.172039	-16688.139626	0.064826
LOC100577423	-5057.574750	-5057.574750	0
LOC100577481	-7684.613734	-7684.613734	0
LOC100577493	-9550.576525	-9550.576525	0
LOC100577519			0
LOC100577687	-7341.675581	-7341.675581	0
LOC100577690	-2328.028177	-2328.028177	0
LOC100577763	-37588.879755	-37588.879755	0
LOC100577764	-1764.959431	-1764.959431	0
LOC100577841	-4300.056184	-4300.056184	0
LOC100577870	-1455.706144	-1455.706144	0
LOC100577972	-67388.441487	-67388.441487	0
LOC100578030	-5499.818884	-5498.178421	3.28093
LOC100578035	-3697.346076	-3697.346076	0
LOC100578071	-27442.786340	-27442.786340	0
LOC100578156	-4121.009158	-4121.009158	0
LOC100578168	-2228.421622	-2228.421622	0
LOC100578209	-4743.268746	-4743.268746	0
LOC100578215	-6352.918769	-6352.667577	0.502384
LOC100578235	-1915.440429	-1915.440429	0
LOC100578255	-23326.083873	-23326.082383	0.00298
LOC100578277	-1115.865449	-1115.865449	0
LOC100578329	-9289.105263	-9289.105263	0
LOC100578356	-19589.608289	-19589.608289	0
LOC100578380	-2961.267347	-2961.188923	0.156848
LOC100578433	-22941.982895	-22941.902118	0.161554
LOC100578450	-11515.520921	-11515.510621	0.0206
LOC100578537	-11218.200315	-11218.143350	0.11393
LOC100578560	-1646.785001	-1646.460583	0.648836
LOC100578586	-10979.590465	-10979.590465	0
LOC100578697	-2798.850758	-2798.850758	0
LOC100578725	-1116.622606	-1114.130648	4.98392
LOC100578875	-4994.388249	-4994.388249	0
LOC100578893	-11042.041003	-11039.702782	4.67644
LOC102653793	-5578.389268	-5578.389268	0
LOC102653879	-4442.242682	-4440.996211	2.49294
LOC102653930	-1474.719293	-1474.719293	0
LOC102653951	-1938.948442	-1938.920165	0.056554
LOC102654014	-3590.849860	-3590.849860	0
LOC102654165	-4681.381779	-4681.041212	0.681134
LOC102654312	-5273.342855	-5273.342855	0
LOC102654349	-956.025074	-956.025074	0
LOC102654365	-8187.606195	-8187.606195	0
LOC102654610	-3848.906563	-3848.906563	0
LOC102654621	-6698.124610	-6698.124610	0
LOC102654987	-2045.897096	-2045.897096	0
LOC102655219	-4877.439668	-4877.439668	0
LOC102655244	-9660.934884	-9660.934884	0
LOC102655259	-9876.265220	-9876.154147	0.222146
LOC102655470	-543.713593	-542.360866	2.70545
LOC102655679	-3346.032804	-3346.032804	0
LOC102655688	-7852.556088	-7852.553791	0.004594
LOC102655836	-6360.364034	-6360.364034	0
LOC102655877	-4940.923392	-4940.923392	0
LOC102655904	-1674.853537	-1674.853537	0
LOC102655948	-4157.324219	-4157.261465	0.125508
LOC102656183	-1841.289383	-1841.289383	0
LOC102656263	-2862.010085	-2862.010085	0
LOC102656287	-1668.398938	-1668.398938	0
LOC107963993	-5522.246788	-5522.246788	0
LOC107964089	-2767.731901	-2767.731901	0
LOC107964507	-1436.120688	-1436.120688	0
LOC107965021	-1487.237742	-1482.166835	10.1418
LOC107965199	-9218.866694	-9218.818482	0.096424
LOC107965225	-2525.494560	-2525.494560	0
LOC107965250	-5524.355092	-5523.688748	1.33269
LOC107965266	-6706.550375	-6706.499454	0.101842
LOC107965508	-3970.650156	-3970.650156	0
LOC107965749	-5549.288250	-5549.288250	0
LOC107965828	-3755.991905	-3755.991905	0
LOC113218526	-11246.540130	-11246.490418	0.099424
LOC113218534	-4983.127161	-4983.117639	0.019044
LOC113218670	-2779.881102	-2779.881102	0
LOC406097	-8164.525383	-8164.346515	0.357736
LOC406114	-9789.129596	-9789.129596	0
LOC408271	-6687.314514	-6686.813903	1.00122
LOC408286	-12229.744621	-12229.744621	0
LOC408303	-5194.287425	-5194.287425	0
LOC408312	-7840.908772	-7840.061229	1.69509
LOC408355	-5881.906681	-5881.906681	0
LOC408358	-19066.804727	-19066.804554	0.000346
LOC408369	-3168.884564	-3168.881226	0.006676
LOC408391	-4453.430912	-4453.430107	0.00161
LOC408402	-7155.044633	-7155.044633	0
LOC408421	-9024.326899	-9024.326899	0
LOC408426	-3244.667872	-3244.667872	0
LOC408434	-5854.178057	-5854.123605	0.108904
LOC408438	-14420.761018	-14420.698962	0.124112
LOC408458	-13000.420751	-13000.420751	0
LOC408461	-3731.207750	-3731.207750	0
LOC408474	-9902.422139	-9902.422139	0
LOC408501	-15066.166758	-15066.166758	0
LOC408511	-3716.945103	-3715.237341	3.41552
LOC408520	-3355.177375	-3352.705725	4.9433
LOC408533	-16630.981901	-16630.981901	0
LOC408573	-2866.698403	-2866.698403	0
LOC408575	-4881.542644	-4881.542644	0
LOC408592	-6445.035635	-6445.035635	0
LOC408597	-4361.985288	-4361.985288	0
LOC408649	-6974.189805	-6974.189805	0
LOC408661	-9156.465513	-9156.416107	0.098812
LOC408668	-11313.256679	-11313.256679	0
LOC408687	-3715.712329	-3715.074713	1.27523
LOC408717	-3369.173942	-3369.165241	0.017402
LOC408741	-4276.751748	-4276.751748	0
LOC408742	-8631.943344	-8631.943344	0
LOC408748	-1994.905119	-1994.903836	0.002566
LOC408766	-2710.228133	-2709.762674	0.930918
LOC408774	-41805.394997	-41805.394997	0
LOC408785	-3382.053276	-3381.829553	0.447446
LOC408791	-15396.340676	-15395.713136	1.25508
LOC408793	-11725.920601	-11725.632298	0.576606
LOC408804	-12014.038613	-12014.038613	0
LOC408808	-14403.149951	-14403.149951	0
LOC408815	-18475.291157	-18475.291157	0
LOC408819	-2230.932146	-2228.894353	4.07559
LOC408827	-3171.839290	-3170.595560	2.48746
LOC408833	-3062.368225	-3062.368225	0
LOC408834	-4229.726915	-4229.726915	0
LOC408851	-1543.521472	-1543.521472	0
LOC408871	-5895.322651	-5895.322651	0
LOC408892	-5271.109980	-5271.109980	0
LOC408906	-7500.393098	-7500.392966	0.000264
LOC408924	-6091.404608	-6091.404608	0
LOC408925	-9677.325241	-9677.232787	0.184908
LOC408955	-6712.588768	-6712.234388	0.70876
LOC408971	-2076.935305	-2076.097705	1.6752
LOC408979	-5551.316909	-5551.296712	0.040394
LOC408989	-9908.385048	-9908.385048	0
LOC409004	-1719.289538	-1719.289538	0
LOC409023	-5134.326043	-5134.326043	0
LOC409026	-3224.104747	-3223.828174	0.553146
LOC409032	-11853.771083	-11853.771083	0
LOC409036	-1417.184829	-1416.586643	1.19637
LOC409041	-3898.692186	-3896.021182	5.34201
LOC409055	-4805.297193	-4805.297193	0
LOC409068	-4634.574404	-4634.574404	0
LOC409098	-13358.173233	-13358.119878	0.10671
LOC409103	-4360.059184	-4360.059051	0.000266
LOC409125	-17245.877238	-17245.877238	0
LOC409157	-7968.779500	-7968.750308	0.058384
LOC409165	-5608.524632	-5608.524632	0
LOC409179	-5772.856399	-5772.848621	0.015556
LOC409180	-6512.894813	-6512.894813	0
LOC409189	-5527.296029	-5527.296029	0
LOC409196	-7741.019154	-7740.092698	1.85291
LOC409201	-1889.523196	-1888.139889	2.76661
LOC409203	-8520.058004	-8520.048721	0.018566
LOC409226	-7896.607922	-7896.607922	0
LOC409245	-4571.567849	-4571.475893	0.183912
LOC409249	-13659.187141	-13659.187141	0
LOC409260	-6621.161612	-6621.161612	0
LOC409263	-3953.062591	-3953.062591	0
LOC409265	-7542.449523	-7542.162019	0.575008
LOC409270	-5555.550077	-5555.542920	0.014314
LOC409271	-24407.269286	-24407.269286	0
LOC409286	-3542.263463	-3540.646921	3.23308
LOC409292	-4085.639291	-4079.694367	11.8898
LOC409308	-763.917338	-763.917338	0
LOC409320	-3029.836760	-3029.836760	0
LOC409329	-3774.852754	-3774.842658	0.020192
LOC409334	-9976.554036	-9976.554036	0
LOC409336	-3558.765789	-3554.802159	7.92726
LOC409341	-5693.662995	-5693.662995	0
LOC409361	-2637.618142	-2637.618142	0
LOC409365	-14228.247860	-14228.233518	0.028684
LOC409373	-3671.275384	-3671.268593	0.013582
LOC409377	-7276.142481	-7263.973955	24.3371
LOC409386	-1132.587832	-1132.587832	0
LOC409388	-3110.711909	-3110.711909	0
LOC409393	-26677.510319	-26676.590863	1.83891
LOC409410	-5474.509873	-5473.051622	2.9165
LOC409411	-3601.156253	-3601.156253	0
LOC409425	-11361.037483	-11361.037483	0
LOC409427	-4578.873697	-4578.873697	0
LOC409441	-4700.496458	-4699.959491	1.07393
LOC409465	-71.878313	-68.636062	6.4845
LOC409488	-3473.609985	-3473.594274	0.031422
LOC409491	-4488.343726	-4488.343726	0
LOC409495	-4292.565196	-4292.565196	0
LOC409499	-4250.453692	-4250.153073	0.601238
LOC409511	-3877.758046	-3877.756781	0.00253
LOC409520	-2976.716295	-2976.716295	0
LOC409523	-3504.000336	-3504.000336	0
LOC409529	-1958.228129	-1955.888052	4.68015
LOC409538	-1997.107512	-1997.107512	0
LOC409559	-6151.480559	-6151.480559	0
LOC409586	-2956.621209	-2955.255357	2.7317
LOC409607	-3244.998446	-3243.885172	2.22655
LOC409633	-3130.113345	-3130.113342	6e-06
LOC409643	-4873.153216	-4873.153216	0
LOC409662	-3266.017850	-3266.017850	0
LOC409667	-1189.971738	-1189.971738	0
LOC409670	-8487.235732	-8487.086056	0.299352
LOC409673	-31269.461790	-31269.461790	0
LOC409689	-6430.164118	-6430.164118	0
LOC409704	-6899.410770	-6899.278426	0.264688
LOC409724	-7593.140832	-7593.140832	0
LOC409726	-7546.617812	-7545.924844	1.38594
LOC409736	-5981.152386	-5981.152386	0
LOC409740	-3626.215341	-3626.215341	0
LOC409749	-1615.791956	-1615.791943	2.6e-05
LOC409762	-2220.877690	-2220.877690	0
LOC409769	-5933.194024	-5930.734583	4.91888
LOC409791	-3354.601253	-3353.379612	2.44328
LOC409795	-13926.069849	-13923.652296	4.83511
LOC409814	-9403.386409	-9403.379650	0.013518
LOC409833	-5599.468071	-5599.468071	0
LOC409838	-8520.055782	-8519.712421	0.686722
LOC409852	-6700.856611	-6699.403441	2.90634
LOC409857	-1343.900720	-1343.900720	0
LOC409860	-7696.714121	-7696.714121	0
LOC409863	-2784.194682	-2783.594915	1.19953
LOC409900	-2511.296806	-2511.296806	0
LOC409905	-7205.158264	-7205.158264	0
LOC409909	-4062.040977	-4061.986598	0.108758
LOC409910	-1749.489920	-1749.489919	2e-06
LOC409911	-6220.660808	-6220.507673	0.30627
LOC409920	-1189.413761	-1186.062352	6.70282
LOC409924	-5816.392782	-5816.369595	0.046374
LOC409925	-1961.403496	-1961.403496	0
LOC409928	-9812.572644	-9812.572644	0
LOC409930	-2422.889871	-2422.884243	0.011256
LOC409941	-10077.272928	-10077.244318	0.05722
LOC409945	-6580.004867	-6580.004867	0
LOC409976	-3419.482768	-3417.753345	3.45885
LOC410039	-5370.884193	-5370.884193	0
LOC410055	-3524.498809	-3524.498809	0
LOC410059	-5568.790795	-5568.790795	0
LOC410087	-3983.525590	-3983.525590	0
LOC410091	-4561.649405	-4561.649405	0
LOC410097	-17927.177863	-17927.177863	0
LOC410105	-6457.697759	-6457.697759	0
LOC410107	-8853.040055	-8853.040055	0
LOC410118	-6281.785845	-6281.785845	0
LOC410155	-4.813935	-4.813935	0
LOC410157	-1644.732929	-1644.732929	0
LOC410159	-16596.334878	-16596.334878	0
LOC410172	-5754.788369	-5754.788369	0
LOC410183	-19187.061634	-19187.061634	0
LOC410241	-1791.679326	-1791.679326	0
LOC410257	-4613.267434	-4613.267434	0
LOC410270	-7509.439943	-7509.394804	0.090278
LOC410283	-3339.325261	-3339.325261	0
LOC410286	-10632.685607	-10632.140396	1.09042
LOC410289	-10184.104478	-10182.294268	3.62042
LOC410337	-11366.239986	-11366.239986	0
LOC410338	-4591.568247	-4591.498326	0.139842
LOC410371	-12204.218670	-12203.074854	2.28763
LOC410376	-3833.151304	-3833.151304	0
LOC410379	-11908.538180	-11908.447718	0.180924
LOC410383	-7112.772343	-7112.772343	0
LOC410395	-1773.151451	-1773.151451	0
LOC410414	-11960.456856	-11960.456856	0
LOC410420	-3315.362311	-3315.362311	0
LOC410451	-8129.433990	-8128.217726	2.43253
LOC410456	-4848.748186	-4840.857306	15.7818
LOC410470	-5494.583460	-5494.583460	0
LOC410484	-10049.142083	-10049.142083	0
LOC410485	-11481.699323	-11481.682612	0.033422
LOC410510	-11036.657074	-11036.648920	0.016308
LOC410512	-4899.231679	-4899.231679	0
LOC410525	-1721.438280	-1721.438280	0
LOC410538	-10292.649033	-10292.649033	0
LOC410542	-6070.244969	-6070.244969	0
LOC410550	-8434.601810	-8434.601810	0
LOC410561	-2755.614930	-2755.614930	0
LOC410571	-16239.076081	-16239.076081	0
LOC410575	-3903.401129	-3900.225576	6.35111
LOC410577	-2898.944975	-2898.398748	1.09245
LOC410583	-6361.887391	-6361.887391	0
LOC410585	-21869.152503	-21869.147105	0.010796
LOC410618	-5971.259906	-5971.259906	0
LOC410630	-14541.689139	-14541.305384	0.76751
LOC410636	-1935.716662	-1935.566953	0.299418
LOC410663	-1727.270623	-1727.270623	0
LOC410664	-9275.460605	-9275.460605	0
LOC410719	-5100.393223	-5100.393223	0
LOC410732	-5463.284565	-5462.967476	0.634178
LOC410811	-9057.470425	-9057.470425	0
LOC410812	-2062.397876	-2059.404196	5.98736
LOC410821	-3491.653102	-3491.540570	0.225064
LOC410837	-2908.433787	-2907.757449	1.35268
LOC410860	-3805.500093	-3796.287387	18.4254
LOC410879	-6012.685633	-6012.685633	0
LOC410907	-5264.688594	-5264.673947	0.029294
LOC410911	-5910.492855	-5910.492855	0
LOC410938	-6604.174835	-6603.955421	0.438828
LOC410940	-19505.671881	-19505.671881	0
LOC410943	-3823.312985	-3823.312985	0
LOC410952	-4500.248092	-4498.183423	4.12934
LOC410969	-2271.352376	-2271.352376	0
LOC410973	-1734.051655	-1734.051655	0
LOC410985	-3802.884876	-3802.884876	0
LOC411043	-7237.731497	-7237.731493	8e-06
LOC411048	-2827.363013	-2827.363013	0
LOC411054	-5990.603562	-5990.541636	0.123852
LOC411070	-14447.499138	-14447.498746	0.000784
LOC411088	-2119.727751	-2119.727751	0
LOC411100	-4160.877395	-4160.877395	0
LOC411115	-41789.312229	-41786.038486	6.54749
LOC411147	-9623.877938	-9623.877938	0
LOC411148	-6837.284856	-6837.284856	0
LOC411163	-6437.990650	-6437.990650	0
LOC411164	-5705.431465	-5705.431465	0
LOC411167	-7824.912575	-7824.912575	0
LOC411188	-5918.460696	-5918.460696	0
LOC411191	-2116.650116	-2114.984371	3.33149
LOC411214	-4437.601365	-4437.601365	0
LOC411233	-10177.914921	-10177.859062	0.111718
LOC411249	-13793.174079	-13793.174079	0
LOC411260	-1233.044677	-1232.889016	0.311322
LOC411261	-10240.824530	-10240.824530	0
LOC411270	-9166.431426	-9166.431426	0
LOC411288	-4610.468515	-4610.468515	0
LOC411295	-2906.233138	-2906.233137	2e-06
LOC411306	-4869.179525	-4869.179525	0
LOC411335	-2946.108680	-2942.628057	6.96125
LOC411347	-1998.174981	-1994.467190	7.41558
LOC411365	-3112.168494	-3112.159518	0.017952
LOC411391	-3575.299910	-3575.299910	0
LOC411404	-5958.242401	-5957.942628	0.599546
LOC411408	-2551.145037	-2551.145037	0
LOC411447	-7536.301244	-7535.816207	0.970074
LOC411458	-6705.220193	-6699.822370	10.7956
LOC411473	-8588.065981	-8588.065981	0
LOC411474	-21632.419444	-21632.419444	0
LOC411490	-7370.046891	-7370.046891	0
LOC411509	-4230.787593	-4230.778918	0.01735
LOC411510	-4694.116288	-4694.116288	0
LOC411519	-5561.739083	-5561.739083	0
LOC411524	-2759.080413	-2759.080413	0
LOC411540	-8586.208837	-8586.208837	0
LOC411545	-11279.794685	-11279.794685	0
LOC411552	-4241.446459	-4241.036485	0.819948
LOC411564	-14037.457657	-14037.457657	0
LOC411566	-14218.616681	-14218.616673	1.6e-05
LOC411633	-4612.864997	-4612.846791	0.036412
LOC411639	-48629.635950	-48629.635950	0
LOC411654	-4245.661597	-4245.661597	0
LOC411665	-3298.010203	-3297.060109	1.90019
LOC411698	-4869.982801	-4869.901058	0.163486
LOC411699	-12850.788615	-12850.788615	0
LOC411719	-5305.259479	-5305.259479	0
LOC411722	-4601.059107	-4601.059107	0
LOC411724	-14184.124877	-14184.124877	0
LOC411730	-11616.041091	-11616.041091	0
LOC411731	-10030.293426	-10029.719414	1.14802
LOC411732	-2912.627611	-2912.627611	0
LOC411789	-2794.346764	-2794.346764	0
LOC411794	-6350.083320	-6350.083314	1.2e-05
LOC411799	-7238.484494	-7238.484494	0
LOC411839	-6511.598212	-6511.598212	0
LOC411856	-3808.335682	-3808.335682	0
LOC411875	-6719.924872	-6719.924872	0
LOC411892	-4104.620360	-4104.613868	0.012984
LOC411904	-10903.611304	-10903.222821	0.776966
LOC411906	-13909.180083	-13909.180083	0
LOC411915	-4488.252145	-4488.252145	0
LOC411923	-13338.230361	-13338.230361	0
LOC411972	-5814.459514	-5814.459514	0
LOC411980	-7731.620556	-7731.620556	0
LOC411982	-3160.184630	-3156.773668	6.82192
LOC411985	-16613.499532	-16613.499532	0
LOC412003	-9383.778266	-9383.778266	0
LOC412005	-4702.879152	-4702.879152	0
LOC412018	-8721.202514	-8721.202514	0
LOC412024	-3838.025225	-3838.025225	0
LOC412025	-9396.143933	-9396.143933	0
LOC412027	-5535.059549	-5535.059549	0
LOC412030	-1637.432070	-1635.641419	3.5813
LOC412046	-22705.262824	-22705.262824	0
LOC412064	-2906.700604	-2906.700604	0
LOC412069	-6726.006789	-6725.754621	0.504336
LOC412082	-3645.618431	-3645.618431	0
LOC412097	-12673.044649	-12673.044649	0
LOC412115	-11930.962967	-11930.962967	0
LOC412148	-2795.732311	-2795.732311	0
LOC412150	-11128.437630	-11126.704767	3.46573
LOC412167	-11445.454837	-11445.454837	0
LOC412177	-7307.220606	-7307.220606	0
LOC412195	-6473.544604	-6473.544604	0
LOC412198	-22086.463667	-22086.345922	0.23549
LOC412200	-9276.951546	-9276.951546	0
LOC412232	-4359.531431	-4359.531431	0
LOC412235	-4092.995503	-4092.510737	0.969532
LOC412245	-6787.856967	-6787.856967	0
LOC412247	-4524.734293	-4524.734293	0
LOC412263	-13177.144850	-13177.144850	0
LOC412276	-3724.653833	-3724.132703	1.04226
LOC412277	-5279.797645	-5279.797645	0
LOC412278	-20100.684842	-20100.684842	0
LOC412282	-16560.610933	-16560.610933	0
LOC412287	-6878.226040	-6874.893745	6.66459
LOC412294	-4676.588380	-4676.588380	0
LOC412303	-3567.271882	-3567.269453	0.004858
LOC412332	-15631.459001	-15631.459001	0
LOC412339	-3669.486492	-3669.416829	0.139326
LOC412348	-2716.431708	-2715.336410	2.1906
LOC412366	-4188.821202	-4188.747458	0.147488
LOC412378	-3228.792681	-3228.792681	0
LOC412410	-7202.339086	-7202.339086	0
LOC412422	-20054.322214	-20054.278782	0.086864
LOC412423	-5522.454440	-5522.454440	0
LOC412467	-7132.027256	-7132.027256	0
LOC412470	-6891.358715	-6890.194434	2.32856
LOC412526	-4467.014376	-4466.166399	1.69595
LOC412540	-6665.392390	-6665.364193	0.056394
LOC412547	-1364.448662	-1364.448662	0
LOC412554	-3050.379916	-3050.144209	0.471414
LOC412563	-6233.641456	-6233.586289	0.110334
LOC412573	-6774.094079	-6774.094079	0
LOC412578	-2029.475475	-2028.624229	1.70249
LOC412580	-7029.436394	-7029.436394	0
LOC412598	-4690.029556	-4690.029556	0
LOC412612	-5358.062860	-5358.062860	0
LOC412619	-5596.858406	-5596.858406	0
LOC412623	-13045.285032	-13045.285032	0
LOC412624	-9642.021677	-9642.021677	0
LOC412647	-4441.901867	-4441.901867	0
LOC412670	-5990.623674	-5990.623674	0
LOC412675	-5417.933228	-5417.933228	0
LOC412687	-5089.254276	-5089.254275	2e-06
LOC412690	-4618.210786	-4618.094222	0.233128
LOC412750	-12134.970221	-12133.592214	2.75601
LOC412762	-4392.186130	-4392.186130	0
LOC412810	-13650.107276	-13650.014514	0.185524
LOC412816	-3364.495014	-3364.495014	0
LOC412851	-4282.454699	-4282.344663	0.220072
LOC412870	-1230.959386	-1230.959386	0
LOC412878	-21376.604836	-21376.604836	0
LOC412889	-5876.008157	-5876.008157	0
LOC412931	-6699.362660	-6699.362660	0
LOC412933	-4706.606701	-4706.606701	0
LOC412950	-9967.726429	-9967.454245	0.544368
LOC412956	-5138.036709	-5138.036709	0
LOC413006	-3937.283940	-3937.283940	0
LOC413011	-6540.528654	-6540.517746	0.021816
LOC413030	-3243.880935	-3243.880935	0
LOC413032	-10861.303981	-10861.303981	0
LOC413065	-3367.983892	-3367.983892	0
LOC413074	-15813.045677	-15813.045677	0
LOC413087	-9267.194423	-9267.090238	0.20837
LOC413101	-5118.193980	-5118.193980	0
LOC413106	-8427.784560	-8427.784560	0
LOC413110	-2335.416903	-2335.412004	0.009798
LOC413119	-9901.372907	-9901.372907	0
LOC413126	-7983.720597	-7983.720597	0
LOC413133	-4611.293332	-4611.293332	0
LOC413153	-6818.546222	-6818.546222	0
LOC413179	-2622.942053	-2622.942053	0
LOC413194	-6035.624670	-6035.624670	0
LOC413196	-3032.451767	-3032.451767	0
LOC413208	-7420.286800	-7420.286800	0
LOC413228	-7183.530147	-7183.524638	0.011018
LOC413233	-9522.308505	-9522.308505	0
LOC413240	-2590.129582	-2590.129582	0
LOC413242	-9240.012998	-9239.943539	0.138918
LOC413246	-1748.774146	-1738.445776	20.6567
LOC413250	-8325.619970	-8325.315160	0.60962
LOC413271	-6046.901105	-6046.901105	0
LOC413275	-3467.132702	-3461.619005	11.0274
LOC413297	-3440.678348	-3440.642319	0.072058
LOC413305	-8377.744372	-8377.694881	0.098982
LOC413365	-4213.322851	-4213.166547	0.312608
LOC413383	-3983.670412	-3980.836647	5.66753
LOC413389	-7715.832438	-7715.804717	0.055442
LOC413394	-2011.849152	-2011.849152	0
LOC413411	-8523.909769	-8523.909769	0
LOC413430	-5816.123525	-5816.123525	0
LOC413489	-6377.619365	-6377.619365	0
LOC413495	-3062.591673	-3062.591673	0
LOC413510	-16160.956688	-16160.592427	0.728522
LOC413520	-3290.547182	-3290.547182	0
LOC413529	-6609.795130	-6609.795130	0
LOC413534	-5880.819878	-5877.791759	6.05624
LOC413542	-14140.122631	-14140.122631	0
LOC413544	-7345.102284	-7345.102284	0
LOC413567	-4581.372251	-4581.372251	0
LOC413573	-3466.257838	-3466.257838	0
LOC413575	-10355.095364	-10355.095364	0
LOC413576	-8648.171832	-8648.171832	0
LOC413579	-6944.525128	-6944.525128	0
LOC413583	-5834.152170	-5834.152170	0
LOC413601	-3136.618054	-3136.555293	0.125522
LOC413614	-1777.958698	-1777.958697	2e-06
LOC413619	-2282.145612	-2282.145612	0
LOC413643	-5603.514162	-5603.514162	0
LOC413668	-9636.887500	-9636.887500	0
LOC413672	-8879.804202	-8879.804202	0
LOC413678	-6233.271986	-6233.271986	0
LOC413688	-6353.067628	-6353.067628	0
LOC413699	-6574.910620	-6574.910620	0
LOC413713	-9213.426605	-9213.426605	0
LOC413736	-6735.031905	-6735.031905	0
LOC413742	-8690.491768	-8690.491768	0
LOC413772	-6424.670611	-6424.578489	0.184244
LOC413782	-10267.213010	-10267.213010	0
LOC413796	-13425.056900	-13424.881068	0.351664
LOC413815	-5044.126832	-5044.064624	0.124416
LOC413827	-3019.599757	-3014.947130	9.30525
LOC413854	-10471.774117	-10471.774117	0
LOC413873	-19683.374489	-19681.582443	3.58409
LOC413878	-7960.458308	-7960.458308	0
LOC413881	-1661.092830	-1661.092830	0
LOC413889	-4362.740631	-4362.740539	0.000184
LOC413909	-6452.481269	-6452.481269	0
LOC413914	-3645.864718	-3645.864718	0
LOC413916	-3317.582999	-3317.582999	0
LOC413917	-7393.268458	-7389.658872	7.21917
LOC413950	-12384.766211	-12384.705755	0.120912
LOC413976	-2373.857876	-2373.857876	0
LOC413987	-6251.132504	-6251.132504	0
LOC414009	-7155.308976	-7155.308976	0
LOC414027	-1939.026273	-1939.026273	0
LOC414035	-3397.999010	-3397.784563	0.428894
LOC414039	-1060.430046	-1060.430046	0
LOC494509	-4053.219459	-4053.219459	0
LOC550659	-4026.698761	-4026.698761	0
LOC550695	-7796.700381	-7796.700381	0
LOC550701	-4182.887058	-4182.887058	0
LOC550710	-2253.958536	-2253.958536	0
LOC550716	-16268.245499	-16268.245499	0
LOC550767	-3209.220027	-3208.568356	1.30334
LOC550780	-3221.373607	-3221.235776	0.275662
LOC550789	-4110.191437	-4110.191437	0
LOC550804	-8593.444034	-8593.444034	0
LOC550829	-21942.025351	-21942.025362	-2.2e-05
LOC550834	-814.291656	-812.966185	2.65094
LOC550869	-6649.916212	-6649.915474	0.001476
LOC550881	-2532.956563	-2532.794335	0.324456
LOC550884	-6808.412436	-6808.412436	0
LOC550885	-6897.165640	-6897.165640	0
LOC550901	-4658.407694	-4658.407694	0
LOC550903	-10065.397834	-10065.397834	0
LOC550955	-3008.281390	-3007.445099	1.67258
LOC550970	-2253.395362	-2253.395362	0
LOC550998	-3089.348080	-3089.348080	0
LOC551009	-7246.339804	-7246.339804	0
LOC551012	-7937.448956	-7937.323045	0.251822
LOC551036	-4703.990335	-4702.660747	2.65918
LOC551042	-2714.884185	-2714.417960	0.93245
LOC551057	-3201.227796	-3201.227796	0
LOC551088	-5552.569309	-5552.569309	0
LOC551093	-7064.519461	-7064.518183	0.002556
LOC551100	-3023.025993	-3023.025657	0.000672
LOC551114	-2324.686846	-2324.686846	0
LOC551116	-3517.230081	-3517.230081	0
LOC551133	-4743.317226	-4743.231145	0.172162
LOC551177	-1930.592268	-1930.592268	0
LOC551194	-6823.319404	-6823.319404	0
LOC551198	-3717.396450	-3716.794072	1.20476
LOC551207	-9931.404834	-9931.404834	0
LOC551208	-4445.762798	-4445.762798	0
LOC551212	-8442.756405	-8442.756405	0
LOC551219	-7523.562300	-7523.562300	0
LOC551231	-4941.705015	-4939.798841	3.81235
LOC551248	-1833.145427	-1833.145427	0
LOC551276	-6581.472265	-6580.640859	1.66281
LOC551290	-5733.357211	-5733.355549	0.003324
LOC551304	-616.770521	-616.770521	0
LOC551314	-10210.504505	-10210.504505	0
LOC551324	-5241.807237	-5241.807237	0
LOC551353	-2673.199093	-2673.199093	0
LOC551364	-5758.932409	-5758.678184	0.50845
LOC551379	-6006.093431	-6006.026579	0.133704
LOC551381	-1153.788197	-1153.788197	0
LOC551384	-4598.895263	-4598.393805	1.00292
LOC551392	-5845.767678	-5845.767678	0
LOC551395	-6399.849129	-6399.824054	0.05015
LOC551398	-14746.179449	-14746.179449	0
LOC551405	-6968.923095	-6968.637876	0.570438
LOC551413	-2005.636037	-2005.636037	0
LOC551414	-4282.465819	-4282.325069	0.2815
LOC551416	-6699.929565	-6699.929565	0
LOC551425	-12986.496492	-12986.496492	0
LOC551426	-4220.543672	-4220.543672	0
LOC551435	-7491.517347	-7491.333719	0.367256
LOC551439	-4178.738403	-4178.683467	0.109872
LOC551441	-3476.370601	-3476.370601	0
LOC551445	-3839.702798	-3839.702798	0
LOC551447	-5450.406589	-5450.385198	0.042782
LOC551448	-3110.713180	-3110.713180	0
LOC551452	-4857.638364	-4857.638364	0
LOC551457	-4513.694974	-4513.694974	0
LOC551467	-4962.179708	-4961.909208	0.541
LOC551484	-8683.467824	-8683.467824	0
LOC551500	-12757.348427	-12752.999935	8.69698
LOC551501	-2174.699852	-2174.699852	0
LOC551517	-5407.106306	-5403.604213	7.00419
LOC551530	-22894.463303	-22894.200458	0.52569
LOC551549	-6432.180947	-6432.180947	0
LOC551554	-1711.557283	-1710.633254	1.84806
LOC551578	-9704.160704	-9704.033258	0.254892
LOC551581	-6621.101252	-6621.101252	0
LOC551589	-2399.817415	-2399.391357	0.852116
LOC551602	-7261.298684	-7261.162125	0.273118
LOC551603	-2229.590757	-2229.337327	0.50686
LOC551607	-1222.491840	-1222.491840	0
LOC551608	-5518.149431	-5517.343173	1.61252
LOC551618	-6346.909967	-6346.909967	0
LOC551619	-11128.862915	-11128.862915	0
LOC551629	-16509.079502	-16509.079502	0
LOC551631	-8646.753484	-8646.753484	0
LOC551642	-5156.986485	-5156.986485	0
LOC551662	-3116.432284	-3116.432283	2e-06
LOC551664	-4220.284681	-4220.284681	0
LOC551668	-12719.133064	-12719.133064	0
LOC551679	-2571.225967	-2571.225967	0
LOC551683	-4677.368430	-4676.067349	2.60216
LOC551695	-774.315633	-773.735441	1.16038
LOC551699	-5555.159443	-5554.722212	0.874462
LOC551709	-13617.323142	-13616.416701	1.81288
LOC551712	-6054.048849	-6054.048849	0
LOC551721	-5469.215878	-5469.215878	0
LOC551732	-4440.203820	-4439.849540	0.70856
LOC551749	-8040.319455	-8040.319455	0
LOC551753	-18525.075696	-18525.075696	0
LOC551755	-1393.196513	-1392.322264	1.7485
LOC551757	-2035.386549	-2035.386549	0
LOC551794	-2252.810309	-2252.810309	0
LOC551806	-4523.060230	-4523.060230	0
LOC551815	-5098.669825	-5098.669825	0
LOC551817	-1586.059216	-1586.059216	0
LOC551819	-5327.053799	-5327.053799	0
LOC551827	-4300.286045	-4300.286045	0
LOC551847	-4569.389718	-4569.389718	0
LOC551872	-3585.353597	-3585.304989	0.097216
LOC551882	-3001.081911	-3001.081911	0
LOC551890	-5379.215640	-5378.629246	1.17279
LOC551892	-3561.959617	-3550.530919	22.8574
LOC551898	-1327.157020	-1321.363003	11.588
LOC551912	-1039.966237	-1039.719026	0.494422
LOC551922	-2207.144453	-2207.144453	0
LOC551952	-3781.114108	-3781.114108	0
LOC551961	-1620.471264	-1620.471264	0
LOC551962	-2940.474129	-2940.474129	0
LOC551964	-7899.174456	-7899.174456	0
LOC551969	-7051.180670	-7051.180670	0
LOC551970	-15418.609880	-15418.611946	-0.004132
LOC551972	-5723.112842	-5723.112842	0
LOC551980	-3298.724010	-3298.724010	0
LOC551982	-2492.271673	-2492.271673	0
LOC551986	-4588.522056	-4588.522056	0
LOC552000	-2614.580961	-2614.580961	0
LOC552003	-3052.616765	-3052.616765	0
LOC552009	-3754.949208	-3753.162955	3.57251
LOC552036	-5939.448713	-5939.448713	0
LOC552043	-3823.535828	-3822.946399	1.17886
LOC552051	-3767.040732	-3767.040729	6e-06
LOC552056	-6047.829050	-6047.829050	0
LOC552091	-4497.050299	-4497.050299	0
LOC552093	-3924.436994	-3924.436994	0
LOC552095	-16152.104425	-16152.104425	0
LOC552124	-3111.941797	-3111.941797	0
LOC552138	-1788.684175	-1784.446754	8.47484
LOC552139	-3869.888988	-3868.175449	3.42708
LOC552141	-3434.614367	-3434.614367	0
LOC552144	-6868.551128	-6868.551128	0
LOC552145	-2053.281039	-2053.281039	0
LOC552150	-4890.097553	-4890.097553	0
LOC552156	-6444.862461	-6444.862459	4e-06
LOC552161	-1463.818325	-1463.818325	0
LOC552163	-5991.992338	-5991.992338	0
LOC552180	-1764.774790	-1764.577081	0.395418
LOC552181	-3409.453047	-3409.324367	0.25736
LOC552191	-4869.763122	-4869.680525	0.165194
LOC552194	-6155.316528	-6152.389524	5.85401
LOC552196	-2466.551670	-2466.551670	0
LOC552197	-4252.193570	-4252.193570	0
LOC552204	-1886.283770	-1886.221633	0.124274
LOC552213	-2025.576318	-2025.576318	0
LOC552237	-2366.559609	-2366.559609	0
LOC552245	-8799.363718	-8799.363718	0
LOC552246	-4616.060278	-4616.060278	0
LOC552247	-9220.565054	-9220.565054	0
LOC552249	-18849.529014	-18849.529014	0
LOC552254	-5435.994673	-5435.994673	0
LOC552263	-4100.475087	-4100.475087	0
LOC552278	-4471.836753	-4469.375502	4.9225
LOC552283	-3852.967906	-3852.967906	0
LOC552315	-3580.648319	-3571.012748	19.2711
LOC552327	-4879.873150	-4879.873150	0
LOC552348	-2186.248515	-2186.248515	0
LOC552353	-1860.418640	-1860.418640	0
LOC552377	-4688.628113	-4688.628113	0
LOC552392	-5096.175332	-5096.175332	0
LOC552398	-4583.142065	-4583.142065	0
LOC552403	-1384.507022	-1384.468118	0.077808
LOC552410	-1337.484059	-1337.484059	0
LOC552413	-3971.542817	-3971.542816	2e-06
LOC552417	-7236.069535	-7236.069535	0
LOC552419	-2051.177787	-2051.177787	0
LOC552424	-3303.796180	-3303.796180	0
LOC552426	-2635.392141	-2635.392141	0
LOC552432	-5844.917533	-5844.917533	0
LOC552441	-2878.173081	-2878.173081	0
LOC552443	-2459.606690	-2459.606690	0
LOC552449	-2514.211327	-2514.211327	0
LOC552451	-4834.556225	-4834.556225	0
LOC552455	-7505.821493	-7502.749779	6.14343
LOC552460	-1444.308775	-1444.308775	0
LOC552476	-1291.053818	-1291.053818	0
LOC552479	-9794.552916	-9792.088634	4.92856
LOC552485	-5728.727917	-5728.727917	0
LOC552488	-5060.527903	-5060.527903	0
LOC552495	-10414.692569	-10414.692569	0
LOC552496	-9502.352249	-9502.352249	0
LOC552501	-1705.965244	-1705.965244	0
LOC552510	-7498.743008	-7498.743008	0
LOC552511	-3708.089175	-3708.039135	0.10008
LOC552516	-3837.556755	-3837.556755	0
LOC552520	-4009.685546	-4009.685531	3e-05
LOC552522	-7295.105409	-7295.105409	0
LOC552528	-8212.595738	-8212.595738	0
LOC552529	-1442.418608	-1442.417697	0.001822
LOC552531	-1153.371050	-1153.371050	0
LOC552533	-6640.925561	-6640.925561	0
LOC552549	-5888.905056	-5888.905056	0
LOC552551	-1411.414646	-1411.227979	0.373334
LOC552562	-5265.953249	-5265.945464	0.01557
LOC552566	-6561.894359	-6556.791386	10.2059
LOC552571	-7719.590293	-7719.590293	0
LOC552590	-4501.881234	-4501.881234	0
LOC552592	-7826.937902	-7826.937902	0
LOC552599	-1710.907779	-1710.875028	0.065502
LOC552607	-3788.726691	-3788.726698	-1.4e-05
LOC552641	-5456.024666	-5456.024666	0
LOC552643	-9171.830309	-9171.529416	0.601786
LOC552654	-2659.996928	-2659.973201	0.047454
LOC552656	-6491.862461	-6491.862461	0
LOC552658	-12939.031497	-12939.031497	0
LOC552662	-5091.436378	-5091.343469	0.185818
LOC552674	-12034.544076	-12034.544076	0
LOC552686	-2398.941395	-2398.941395	0
LOC552688	-3353.988371	-3353.988371	0
LOC552696	-5000.186759	-5000.186759	0
LOC552715	-3689.849355	-3689.849355	0
LOC552719	-1356.259252	-1356.259252	0
LOC552720	-2773.928856	-2773.928856	0
LOC552721	-2714.326902	-2713.433199	1.78741
LOC552723	-6989.417890	-6989.291144	0.253492
LOC552725	-7209.637224	-7209.637224	0
LOC552730	-1987.929449	-1987.929449	0
LOC552734	-3608.768284	-3608.756112	0.024344
LOC552745	-5320.295395	-5320.295395	0
LOC552747	-8788.460320	-8788.277742	0.365156
LOC552748	-5417.651904	-5417.651904	0
LOC552756	-5471.343132	-5471.343132	0
LOC552766	-5316.948265	-5316.948265	0
LOC552769	-3741.267868	-3741.267868	0
LOC552772	-1490.821662	-1490.821662	0
LOC552776	-7492.753238	-7492.753238	0
LOC552779	-1757.361440	-1754.574907	5.57307
LOC552787	-10209.855141	-10209.533687	0.642908
LOC552794	-14940.043143	-14940.043143	0
LOC552797	-3951.021347	-3951.021345	4e-06
LOC552802	-1571.408715	-1571.408715	0
LOC552804	-5445.293615	-5445.293615	0
LOC552807	-1732.099168	-1732.099168	0
LOC552827	-649.289206	-649.289206	0
LOC552832	-4643.287349	-4643.287349	0
LOC552839			0
LOC724169	-2677.855476	-2677.855476	0
LOC724170	-5170.321831	-5170.321831	0
LOC724188	-1179.832457	-1179.832457	0
LOC724215	-19349.765768	-19348.671151	2.18923
LOC724216	-4431.327900	-4431.327900	0
LOC724218	-4694.319952	-4694.319952	0
LOC724239	-5504.043773	-5504.043773	0
LOC724241	-1181.246458	-1181.246458	0
LOC724247	-7255.385687	-7255.385687	0
LOC724256	-2894.450209	-2894.120065	0.660288
LOC724291	-5076.180347	-5076.180347	0
LOC724292	-5261.005030	-5246.407536	29.195
LOC724296	-9731.698840	-9731.698840	0
LOC724303	-1623.555438	-1623.555438	0
LOC724323	-4950.053819	-4950.031585	0.044468
LOC724339	-7436.599504	-7436.599504	0
LOC724341	-3286.480882	-3286.465542	0.03068
LOC724343	-1738.107182	-1738.107182	0
LOC724350	-2653.790198	-2653.790198	0
LOC724365	-1522.771481	-1522.771481	0
LOC724366	-1865.377902	-1865.377902	0
LOC724386	-3058.778717	-3058.778717	0
LOC724407	-174.987996	-174.987996	0
LOC724408	-1490.646100	-1490.646100	0
LOC724423	-25702.699222	-25702.699222	0
LOC724432	-4435.042002	-4435.042002	0
LOC724443	-4989.418764	-4989.418764	0
LOC724486	-1580.549309	-1580.549309	0
LOC724488	-3320.339336	-3320.339336	0
LOC724496	-6303.286964	-6303.286964	0
LOC724510	-13883.546205	-13883.452136	0.188138
LOC724533	-1635.691831	-1635.691831	0
LOC724542	-9426.696016	-9426.696016	0
LOC724625	-693.014415	-693.014415	0
LOC724630	-1306.240236	-1306.240236	0
LOC724648	-2501.380828	-2501.380828	0
LOC724654	-1841.168851	-1841.168851	0
LOC724656	-11829.715277	-11829.715277	0
LOC724700	-5595.365240	-5595.365240	0
LOC724703	-8098.560449	-8098.560449	0
LOC724704	-5359.138803	-5359.138803	0
LOC724710	-3301.418910	-3301.401004	0.035812
LOC724741	-9711.042761	-9711.042761	0
LOC724742	-4390.472278	-4389.658851	1.62685
LOC724769	-1432.338620	-1432.290686	0.095868
LOC724786	-1653.456629	-1653.456629	0
LOC724790	-3182.114487	-3181.447791	1.33339
LOC724794	-1300.948335	-1300.948335	0
LOC724798	-5222.322063	-5222.322063	0
LOC724809	-9251.905585	-9251.905585	0
LOC724827	-2959.243684	-2957.263205	3.96096
LOC724863	-8305.175404	-8305.175404	0
LOC724865	-13064.102329	-13064.102329	0
LOC724885	-3007.075955	-3007.075955	0
LOC724888	-1163.770834	-1163.770834	0
LOC724891	-7415.018764	-7415.018764	0
LOC724896	-901.458068	-901.458068	0
LOC724926	-10572.394317	-10571.918692	0.95125
LOC724930	-8424.194131	-8424.194131	0
LOC724932	-5564.450471	-5564.450471	0
LOC724947	-3718.528075	-3717.979795	1.09656
LOC724948	-10884.388203	-10884.388203	0
LOC724953	-2905.200144	-2903.218952	3.96238
LOC724954	-1901.431995	-1901.431995	0
LOC725023	-5979.135220	-5979.135220	0
LOC725026	-5289.726373	-5289.726373	0
LOC725044	-5833.361956	-5832.891725	0.940462
LOC725055	-610.327915	-610.327915	0
LOC725111	-11568.158273	-11568.132687	0.051172
LOC725142	-937.014352	-937.014352	0
LOC725143	-4409.014363	-4409.014363	0
LOC725146	-4316.894546	-4316.894546	0
LOC725149	-12532.696748	-12532.232728	0.92804
LOC725178	-8411.959986	-8411.959986	0
LOC725184	-1254.613416	-1254.613416	0
LOC725204	-4034.460732	-4033.581869	1.75773
LOC725216	-23567.125432	-23567.125432	0
LOC725238	-4057.451761	-4057.423617	0.056288
LOC725240	-1341.574754	-1341.574754	0
LOC725261	-1900.702493	-1899.650843	2.1033
LOC725266	-1599.199068	-1599.199068	0
LOC725306	-25334.829002	-25334.829002	0
LOC725316	-1530.847079	-1530.847079	0
LOC725320	-9135.031508	-9135.031508	0
LOC725325	-6925.765406	-6925.765406	0
LOC725330	-6681.862209	-6681.662787	0.398844
LOC725343	-7663.918402	-7663.918402	0
LOC725345	-1108.384026	-1108.384026	0
LOC725348	-5119.174490	-5119.130149	0.088682
LOC725362	-3369.829217	-3369.829217	0
LOC725363	-4362.118819	-4362.118819	0
LOC725368	-5173.119373	-5173.119373	0
LOC725374	-2596.798781	-2596.798781	0
LOC725388	-8558.509979	-8558.464992	0.089974
LOC725416	-1601.541869	-1600.880664	1.32241
LOC725459	-3230.911833	-3228.582117	4.65943
LOC725477	-7612.200087	-7611.605918	1.18834
LOC725478	-2649.595141	-2649.595141	0
LOC725486	-10194.027007	-10191.941216	4.17158
LOC725491	-2187.125907	-2187.125907	0
LOC725496	-5603.375759	-5603.375759	0
LOC725505	-2977.274584	-2969.282900	15.9834
LOC725512	-7063.359290	-7063.359290	0
LOC725529	-3797.719586	-3797.494073	0.451026
LOC725539	-7691.423386	-7691.423386	0
LOC725551	-2735.472888	-2735.472888	0
LOC725552	-9500.588385	-9500.588385	0
LOC725566	-1875.619133	-1874.833207	1.57185
LOC725569	-4842.419093	-4842.419093	0
LOC725571	-5622.691763	-5622.104115	1.1753
LOC725572	-1223.938536	-1223.938536	0
LOC725576	-8936.568149	-8936.568149	0
LOC725603	-2563.552239	-2563.552239	0
LOC725609	-851.413030	-851.413030	0
LOC725611	-20474.875839	-20474.875839	0
LOC725612	-13450.223995	-13450.223995	0
LOC725628	-3088.276136	-3088.276074	0.000124
LOC725633	-1653.744069	-1653.744069	0
LOC725641	-1060.113890	-1058.337177	3.55343
LOC725661	-7091.133280	-7088.081476	6.10361
LOC725686	-929.313208	-929.313208	0
LOC725688	-2393.353323	-2393.353323	0
LOC725690	-4183.583370	-4183.583370	0
LOC725701	-7061.913284	-7060.663694	2.49918
LOC725705	-1294.762983	-1294.762983	0
LOC725719	-14066.871467	-14066.871467	0
LOC725744	-2708.708848	-2708.708848	0
LOC725753	-3534.661710	-3534.661710	0
LOC725756	-6720.008833	-6720.008833	0
LOC725770	-9179.562939	-9179.562939	0
LOC725780	-4298.463832	-4298.463832	0
LOC725801	-4896.658525	-4896.658525	0
LOC725835	-1358.767738	-1358.767738	0
LOC725856	-1569.503077	-1569.503077	0
LOC725880	-784.867810	-784.867810	0
LOC725881	-3507.775766	-3507.775766	0
LOC725896	-6156.834212	-6156.382556	0.903312
LOC725899	-5338.890347	-5338.890347	0
LOC725922	-7213.491378	-7213.303469	0.375818
LOC725942	-1792.510787	-1791.775669	1.47024
LOC725947	-697.807639	-697.807639	0
LOC726002	-14666.196254	-14666.196254	0
LOC726015	-3667.866519	-3667.866519	0
LOC726030	-9858.366537	-9858.248545	0.235984
LOC726040	-12602.262781	-12602.262781	0
LOC726061	-1378.641327	-1378.641327	0
LOC726095	-4067.099816	-4067.099816	0
LOC726102	-7504.711388	-7503.495488	2.4318
LOC726118	-1705.260456	-1705.260456	0
LOC726131	-1224.297785	-1224.236597	0.122376
LOC726163	-3001.094768	-3001.094768	0
LOC726164	-2473.851746	-2473.851746	0
LOC726167	-3205.557340	-3204.364920	2.38484
LOC726172	-4144.371239	-4144.371239	0
LOC726187	-9023.641081	-9021.272963	4.73624
LOC726197	-2042.178181	-2042.178181	0
LOC726205	-3190.296600	-3190.296600	0
LOC726212	-8526.838844	-8526.052062	1.57356
LOC726221	-1607.555691	-1607.259033	0.593316
LOC726227	-6970.801529	-6970.801529	0
LOC726237	-3791.237205	-3786.682003	9.1104
LOC726239	-3954.190849	-3954.190849	0
LOC726240	-1815.337061	-1815.337061	0
LOC726253	-2813.159182	-2813.057214	0.203936
LOC726255	-5095.061641	-5089.084049	11.9552
LOC726289	-2506.667510	-2506.667510	0
LOC726302	-2533.048846	-2533.047845	0.002002
LOC726303	-3610.795016	-3610.795016	0
LOC726310	-12842.611720	-12842.611720	0
LOC726315	-7368.407394	-7368.407394	0
LOC726352	-3607.415931	-3607.415931	0
LOC726380	-4384.252888	-4384.252888	0
LOC726389	-5687.254562	-5684.522008	5.46511
LOC726409	-1904.633285	-1904.633285	0
LOC726414	-11918.530906	-11918.530906	0
LOC726418	-6034.379445	-6030.872538	7.01381
LOC726428	-2637.018809	-2637.018809	0
LOC726497	-27785.290698	-27785.290698	0
LOC726498	-1532.649033	-1531.486459	2.32515
LOC726500	-1422.111140	-1422.111140	0
LOC726540	-15827.512333	-15827.499153	0.02636
LOC726562	-8074.063440	-8074.063440	0
LOC726579	-8543.816843	-8542.888838	1.85601
LOC726583	-10070.280937	-10070.280937	0
LOC726609	-1844.782869	-1844.782869	0
LOC726626	-2247.991475	-2247.991475	0
LOC726637	-9594.429963	-9594.429963	0
LOC726666	-912.468637	-910.836408	3.26446
LOC726720	-1803.361412	-1803.361412	0
LOC726721	-686.145929	-686.145929	0
LOC726742	-13841.759463	-13841.759463	0
LOC726747	-1758.032155	-1758.032155	0
LOC726754	-4806.190341	-4806.190341	0
LOC726760	-8977.472788	-8977.169846	0.605884
LOC726800	-4897.247638	-4897.247638	0
LOC726811	-4440.548377	-4440.548377	0
LOC726812	-6198.628794	-6198.628794	0
LOC726822	-2817.509752	-2817.509751	2e-06
LOC726826	-5662.730723	-5662.567084	0.327278
LOC726850	-1877.085820	-1877.085820	0
LOC726869	-7608.264109	-7608.264109	0
LOC726872	-2535.936277	-2535.936277	0
LOC726887	-3264.696163	-3264.696163	0
LOC726890	-4038.110337	-4038.067498	0.085678
LOC726923	-1197.775396	-1197.775396	0
LOC726928	-12041.331316	-12041.297543	0.067546
LOC726947	-7426.529170	-7422.906177	7.24599
LOC726958	-2630.686789	-2630.686581	0.000416
LOC726983	-7621.561576	-7621.561576	0
LOC726999	-3883.770806	-3883.737228	0.067156
LOC727004	-2402.285313	-2401.411863	1.7469
LOC727009	-9835.636672	-9835.636672	0
LOC727022	-8907.241674	-8907.241674	0
LOC727025	-588.989519	-588.989519	0
LOC727027	-8379.070140	-8379.070140	0
LOC727048	-3670.219643	-3669.937969	0.563348
LOC727116	-2543.230164	-2542.968033	0.524262
LOC727122	-1120.547832	-1120.547832	0
LOC727146	-10196.700310	-10196.700310	0
LOC727186	-1438.010593	-1437.637034	0.747118
LOC727229	-9289.504379	-9289.503632	0.001494
LOC727237	-6713.673078	-6713.389993	0.56617
LOC727238	-25800.818314	-25800.778739	0.07915
LOC727299	-5624.773816	-5624.773816	0
LOC727303	-5356.962735	-5356.962735	0
LOC727320	-7656.464513	-7656.464513	0
LOC727378	-934.450563	-934.450563	0
LOC727396	-14777.925331	-14777.925331	0
LOC727420	-4412.239042	-4411.953215	0.571654
LOC727456	-280.699209	-280.699209	0
LOC727495	-11486.352181	-11486.352181	0
LOC727539	-3910.809975	-3910.043476	1.533
LOC727582	-4870.592745	-4870.592745	0
LOC727622	-5650.002793	-5650.002793	0
LOC727634	-5974.074891	-5974.074891	0
LOC727652	-17786.408675	-17785.129666	2.55802
NOS	-14237.959932	-14237.959932	0
PGRP-S3	-2052.678622	-2052.547021	0.263202
Ppib	-2074.794769	-2074.794769	0
PPO	-8216.389258	-8216.389258	0
Pten	-1740.311602	-1739.946860	0.729484
Rnft2	-6016.735733	-6016.735733	0
RpL35	-1631.643467	-1631.643467	0
Smb	-1754.295330	-1754.295330	0
Snf	-2314.796268	-2314.796268	0
STT3B	-7329.496637	-7329.496637	0
Tpi	-2709.981447	-2709.981447	0
Tspan6	-4810.761441	-4810.761441	0
Usp	-4514.409615	-4513.000713	2.8178
Vg	-42665.086172	-42665.086172	0
Vha16	-1298.027822	-1298.027822	0
Gene	lnL_Null	lnL_Alt	LRT
*paml			0
Gene	lnL_Null	lnL_Alt	LRT
LOC406097	-8164.525383	-8164.346515	0.357736
LOC408358	-19066.804727	-19066.804554	0.000346
LOC408391	-4453.430912	-4453.430107	0.00161
LOC408426	-3244.667872	-3244.667872	0
LOC408438	-14420.761018	-14420.698962	0.124112
LOC408717	-3369.173942	-3369.165241	0.017402
LOC408808	-14403.149951	-14403.149951	0
LOC408834	-4229.726915	-4229.726915	0
LOC408851	-1543.521472	-1543.521472	0
LOC408924	-6091.404608	-6091.404608	0
LOC409036	-1417.184829	-1416.586643	1.19637
LOC409055	-4805.297193	-4805.297193	0
LOC409125	-17245.877238	-17245.877238	0
LOC409165	-5608.524632	-5608.524632	0
LOC409226	-7896.607922	-7896.607922	0
LOC409286	-3542.263463	-3540.646921	3.23308
LOC409334	-9976.554036	-9976.554036	0
LOC409336	-3558.765789	-3554.802159	7.92726
LOC409341	-5693.662995	-5693.662995	0
LOC409365	-14228.247860	-14228.233518	0.028684
LOC409386	-1132.587832	-1132.587832	0
LOC409393	-26677.510319	-26676.590863	1.83891
LOC409495	-4292.565196	-4292.565196	0
LOC409523	-3504.000336	-3504.000336	0
LOC409529	-1958.228129	-1955.888052	4.68015
LOC411270	-9166.431426	-9166.431426	0
LOC411295	-2906.233138	-2906.233137	2e-06
LOC411519	-5561.739083	-5561.739083	0
LOC411566	-14218.616681	-14218.616673	1.6e-05
LOC411639	-48629.635950	-48629.635950	0
LOC411892	-4104.620360	-4104.613868	0.012984
LOC411915	-4488.252145	-4488.252145	0
LOC411980	-7731.620556	-7731.620556	0
LOC552062	-5449.906821	-5449.811004	0.191634
LOC102654146	-4552.888701	-4552.888701	0
LOC411083	-11634.451400	-11630.335373	8.23205
LOC411457	-5571.496292	-5571.496292	0
LOC411796	-5308.429548	-5308.429548	0
LOC551837	-12240.042055	-12240.042055	0
LOC551931	-3245.582220	-3245.582220	0
LOC726476	-4803.669772	-4803.576882	0.18578
