Gene	lnL_Null	lnL_Alt	LRT
Arp1	-3665.678347	-3665.678349	-4e-06
B-gluc1	-8572.430921	-8572.430921	0
Cox6c	-1488.722948	-1488.722948	0
CPR14	-1852.930504	-1852.930504	0
CPR19	-3267.006782	-3267.006782	0
CSP6	-1980.492021	-1980.492021	0
CytC	-1421.117374	-1421.117374	0
Dcr-1	-17124.345667	-17124.345667	0
Dl	-10519.128527	-10519.128527	0
Dnmt3	-9942.980143	-9942.980143	0
Ecr	-4684.519750	-4687.473094	-5.90669
egh	-5749.838801	-5749.838801	0
FAR1	-7142.255417	-7142.255417	0
Gat-1B	-7483.782734	-7483.782734	0
Gat-a	-7590.233556	-7590.233556	0
Gfat2	-9199.422688	-9199.422688	0
GlnS	-5414.008823	-5414.008823	0
GstD1	-4388.920135	-4388.920135	0
GstS4	-3263.033604	-3263.033604	0
Imd	-4523.000839	-4523.000839	0
Jtb	-8371.339327	-8371.339327	0
KAT2A	-9550.363731	-9550.363731	0
LOC100379261	-6097.999088	-6097.999088	0
LOC100576099	-2093.191293	-2093.191293	0
LOC100576186	-7564.448155	-7564.448155	0
LOC100576195	-1539.778680	-1539.778680	0
LOC100576337	-3441.820034	-3441.820034	0
LOC100576383	-6944.092920	-6944.530825	-0.87581
LOC100576411	-9052.468680	-9052.468680	0
LOC100576527	-8826.610181	-8826.610181	0
LOC100576646	-3355.363806	-3355.363806	0
LOC100576649	-8758.499855	-8758.499855	0
LOC100576660	-9029.910352	-9029.910352	0
LOC100576742	-15583.590706	-15583.590706	0
LOC100576795	-3886.674152	-3886.674152	0
LOC100576801	-3753.635179	-3753.635179	0
LOC100576818	-4874.502642	-4874.502642	0
LOC100576819	-7658.046610	-7658.046610	0
LOC100576826	-3583.492090	-3583.492090	0
LOC100576862	-6289.718204	-6289.718204	0
LOC100577002	-8135.255783	-8135.255783	0
LOC100577019	-487.818240	-487.818240	0
LOC100577050	-8142.117603	-8142.117603	0
LOC100577053	-9025.152484	-9025.152484	0
LOC100577136	-5982.683003	-5982.683003	0
LOC100577140	-8773.968965	-8773.968965	0
LOC100577174	-18783.394539	-18783.394539	0
LOC100577196	-9766.095463	-9766.095463	0
LOC100577401	-16674.811713	-16674.811713	0
LOC100577423	-5058.934534	-5058.934534	0
LOC100577481	-7683.989553	-7683.989553	0
LOC100577493	-9550.620272	-9550.620272	0
LOC100577519			0
LOC100577687	-7337.409829	-7337.409829	0
LOC100577690	-2326.195698	-2326.195698	0
LOC100577763	-37578.584734	-37578.584734	0
LOC100577764	-1764.456071	-1764.456071	0
LOC100577841	-4294.821598	-4294.821598	0
LOC100577870	-1453.517849	-1453.517849	0
LOC100577972	-67297.415025	-67297.415025	0
LOC100578030	-5500.006424	-5499.406386	1.20008
LOC100578035	-3694.662393	-3694.662393	0
LOC100578071	-27422.009513	-27422.009513	0
LOC100578156	-4120.199806	-4120.199806	0
LOC100578168	-2224.801065	-2224.801065	0
LOC100578209	-4739.623885	-4739.623885	0
LOC100578215	-6355.744460	-6355.744460	0
LOC100578235	-1913.216265	-1913.216265	0
LOC100578255	-23284.374792	-23284.374792	0
LOC100578277	-1115.865449	-1115.865449	0
LOC100578329	-9293.399227	-9293.399227	0
LOC100578356	-19587.115106	-19587.115106	0
LOC100578380	-2964.853034	-2964.776796	0.152476
LOC100578433	-22933.749585	-22933.749585	0
LOC100578450	-11503.086221	-11503.086221	0
LOC100578537	-11200.622775	-11200.622775	0
LOC100578560	-1645.570891	-1645.570891	0
LOC100578586	-10966.030360	-10966.030360	0
LOC100578697	-2797.514590	-2797.514590	0
LOC100578725	-1129.618210	-1129.618210	0
LOC100578875	-4994.388100	-4994.388100	0
LOC100578893	-11050.379232	-11050.379232	0
LOC102653793	-5563.508636	-5563.508636	0
LOC102653879	-4444.777595	-4444.777595	0
LOC102653930	-1476.199795	-1476.199795	0
LOC102653951	-1985.255854	-1985.255717	0.000274
LOC102654014	-3589.018801	-3589.018801	0
LOC102654165	-4701.909823	-4701.909823	0
LOC102654312	-5273.003882	-5273.003882	0
LOC102654349	-958.620964	-958.620964	0
LOC102654365	-8186.367548	-8186.367548	0
LOC102654610	-3855.077518	-3855.077518	0
LOC102654621	-6698.506111	-6698.506111	0
LOC102654987	-2039.653450	-2039.606084	0.094732
LOC102655219	-4877.899604	-4877.899604	0
LOC102655244	-9657.479204	-9657.479204	0
LOC102655259	-9877.980847	-9877.980847	0
LOC102655470	-551.877892	-551.877892	0
LOC102655679	-3337.405610	-3337.405610	0
LOC102655688	-7852.761982	-7852.761982	0
LOC102655836	-6358.725814	-6358.725814	0
LOC102655877	-4943.067628	-4943.067628	0
LOC102655904	-1683.673252	-1683.673251	2e-06
LOC102655948	-4153.936398	-4153.936398	0
LOC102656183	-1837.545270	-1837.545270	0
LOC102656263	-2862.010085	-2862.010085	0
LOC102656287	-1671.072541	-1671.072541	0
LOC107963993	-5521.897050	-5521.897050	0
LOC107964089	-2767.275798	-2767.275798	0
LOC107964507	-1443.433677	-1443.433677	0
LOC107965021	-1490.987568	-1490.817210	0.340716
LOC107965199	-9206.866654	-9206.866654	0
LOC107965225	-2522.238855	-2522.238855	0
LOC107965250	-5524.482538	-5524.482538	0
LOC107965266	-6704.240438	-6704.240438	0
LOC107965508	-3967.837683	-3967.837683	0
LOC107965749	-5546.971248	-5546.971248	0
LOC107965828	-3755.991905	-3755.991905	0
LOC113218526	-11246.010659	-11246.010659	0
LOC113218534	-4986.452175	-4986.452175	0
LOC113218670	-2778.652469	-2772.369351	12.5662
LOC406097	-8166.775408	-8166.775408	0
LOC406114	-9784.129082	-9784.129082	0
LOC408271	-6690.552038	-6691.074073	-1.04407
LOC408286	-12225.179331	-12225.179331	0
LOC408303	-5192.875716	-5192.875716	0
LOC408312	-7852.472104	-7852.472104	0
LOC408355	-5880.095429	-5880.095429	0
LOC408358	-19061.386132	-19061.386132	0
LOC408369	-3168.176655	-3168.176655	0
LOC408391	-4453.430119	-4453.430091	5.6e-05
LOC408402	-7158.810877	-7158.810877	0
LOC408421	-9015.976885	-9015.976885	0
LOC408426	-3241.277178	-3241.277178	0
LOC408434	-5852.869960	-5852.869960	0
LOC408438	-14424.628236	-14424.628236	0
LOC408458	-12996.659146	-12999.289717	-5.26114
LOC408461	-3731.172128	-3731.172128	0
LOC408474	-9898.688610	-9898.688610	0
LOC408501	-15065.023609	-15065.023609	0
LOC408511	-3726.418000	-3726.418000	0
LOC408520	-3356.658705	-3356.658705	0
LOC408533	-16622.779095	-16622.779095	0
LOC408573	-2866.267051	-2866.267051	0
LOC408575	-4880.463660	-4881.542644	-2.15797
LOC408592	-6447.033174	-6447.033174	0
LOC408597	-4362.785355	-4362.785355	0
LOC408649	-7009.685871	-7009.685871	0
LOC408661	-9159.850448	-9159.850448	0
LOC408668	-11317.707549	-11317.707549	0
LOC408687	-3717.830677	-3717.830677	0
LOC408717	-3369.198180	-3369.099940	0.19648
LOC408741	-4220.977416	-4220.977416	0
LOC408742	-8619.110171	-8619.110171	0
LOC408748	-2006.087094	-2006.087094	0
LOC408766	-2697.032171	-2697.032171	0
LOC408774	-41859.727880	-41859.727879	2e-06
LOC408785	-3380.387975	-3380.387975	0
LOC408791	-15384.173053	-15384.173053	0
LOC408793	-11756.688215	-11756.688215	0
LOC408804	-12007.948684	-12007.948684	0
LOC408808	-14402.247282	-14402.247282	0
LOC408815	-18464.906341	-18464.906341	0
LOC408819	-2243.930445	-2243.930445	0
LOC408827	-3191.469097	-3191.469097	0
LOC408833	-3062.368225	-3062.368225	0
LOC408834	-4232.124690	-4232.171697	-0.094014
LOC408851	-1536.169077	-1536.169077	0
LOC408871	-5895.322651	-5895.322651	0
LOC408892	-5271.055962	-5271.905301	-1.69868
LOC408906	-7498.266165	-7498.266165	0
LOC408924	-6086.423663	-6086.423663	0
LOC408925	-9685.960882	-9685.960879	6e-06
LOC408955	-6711.244322	-6711.244322	0
LOC408971	-2077.631730	-2077.631730	0
LOC408979	-5549.700908	-5549.700908	0
LOC408989	-9902.281904	-9902.281904	0
LOC409004	-1719.289538	-1719.289538	0
LOC409023	-5121.122962	-5121.122962	0
LOC409026	-3217.084254	-3217.084254	0
LOC409032	-11852.357577	-11852.357577	0
LOC409036	-1416.613749	-1416.613749	0
LOC409041	-3908.207037	-3908.207037	0
LOC409055	-4805.297193	-4805.297193	0
LOC409068	-4616.172019	-4616.172019	0
LOC409098	-13352.397701	-13352.397701	0
LOC409103	-4353.331436	-4353.331436	0
LOC409125	-17231.392588	-17231.392588	0
LOC409157	-7976.945465	-7976.945465	0
LOC409165	-5610.819153	-5610.819153	0
LOC409179	-5793.266932	-5793.266932	0
LOC409180	-6522.930467	-6522.930467	0
LOC409189	-5526.736448	-5526.736448	0
LOC409196	-7735.571631	-7735.571631	0
LOC409201	-1896.510143	-1896.510143	0
LOC409203	-8523.682871	-8523.682871	0
LOC409226	-7895.169312	-7895.169312	0
LOC409245	-4574.761553	-4574.761553	0
LOC409249	-13656.832219	-13656.832219	0
LOC409260	-6615.959503	-6615.959503	0
LOC409263	-3951.192657	-3951.192657	0
LOC409265	-7538.145776	-7543.134628	-9.9777
LOC409270	-5555.566643	-5555.566643	0
LOC409271	-24403.303079	-24425.367544	-44.1289
LOC409286	-3534.066145	-3534.066145	0
LOC409292	-4085.225130	-4085.225130	0
LOC409308	-763.917338	-763.917338	0
LOC409320	-3031.664007	-3031.664007	0
LOC409329	-3775.349539	-3775.349539	0
LOC409334	-9976.925716	-9976.925716	0
LOC409336	-3561.417476	-3561.417476	0
LOC409341	-5686.769384	-5686.769384	0
LOC409361	-2629.887199	-2629.887199	0
LOC409365	-14227.854453	-14227.854453	0
LOC409373	-3669.153150	-3669.153150	0
LOC409377	-7343.592141	-7343.592141	0
LOC409386	-1132.567502	-1132.587831	-0.040658
LOC409388	-3098.775063	-3098.775063	0
LOC409393	-26678.725164	-26678.725164	0
LOC409410	-5483.127847	-5483.127847	0
LOC409411	-3634.635429	-3634.635429	0
LOC409425	-11352.819774	-11352.819774	0
LOC409427	-4578.650616	-4578.650616	0
LOC409441	-4701.489766	-4701.489766	0
LOC409465	-71.451825	-71.052476	0.798698
LOC409488	-3494.109506	-3494.109506	0
LOC409491	-4487.217086	-4487.217086	0
LOC409495	-4288.230969	-4288.230969	0
LOC409499	-4243.122410	-4243.122410	0
LOC409511	-3875.455010	-3875.455010	0
LOC409520	-2979.310044	-2979.344911	-0.069734
LOC409523	-3502.474207	-3502.474207	0
LOC409529	-1982.060597	-1982.060597	0
LOC409538	-1994.365900	-1994.365900	0
LOC409559	-6153.259521	-6153.259521	0
LOC409586	-2956.609964	-2956.609964	0
LOC409607	-3253.800576	-3253.800576	0
LOC409633	-3127.799040	-3127.799040	0
LOC409643	-4871.806634	-4871.806634	0
LOC409662	-3267.073635	-3267.073635	0
LOC409667	-1189.105921	-1189.105921	0
LOC409670	-8491.981501	-8491.981501	0
LOC409673	-31257.679023	-31257.679023	0
LOC409689	-6424.079732	-6424.079732	0
LOC409704	-6894.974594	-6894.974594	0
LOC409724	-7592.377903	-7592.377903	0
LOC409726	-7546.582442	-7546.582442	0
LOC409736	-5981.152386	-5981.152386	0
LOC409740	-3626.298516	-3626.298516	0
LOC409749	-1655.713053	-1655.713053	0
LOC409762	-2220.877690	-2220.877690	0
LOC409769	-5937.661648	-5937.661648	0
LOC409791	-3373.599980	-3373.599980	0
LOC409795	-13927.349001	-13927.349001	0
LOC409814	-9400.684438	-9400.684438	0
LOC409833	-5599.790003	-5599.790003	0
LOC409838	-8520.803214	-8520.803214	0
LOC409852	-6704.423358	-6704.423358	0
LOC409857	-1344.487379	-1344.487379	0
LOC409860	-7693.678755	-7693.678755	0
LOC409863	-2787.080889	-2787.080889	0
LOC409900	-2511.296806	-2511.296806	0
LOC409905	-7204.413852	-7204.413852	0
LOC409909	-4059.340540	-4059.340540	0
LOC409910	-1749.490732	-1749.489918	0.001628
LOC409911	-6217.528649	-6217.528649	0
LOC409920	-1195.605991	-1195.605991	0
LOC409924	-5817.998676	-5817.998676	0
LOC409925	-1957.628376	-1957.628376	0
LOC409928	-9801.778008	-9801.778008	0
LOC409930	-2417.943598	-2417.943598	0
LOC409941	-10065.491973	-10065.491973	0
LOC409945	-6602.267337	-6602.267337	0
LOC409976	-3422.937379	-3422.937379	0
LOC410039	-5380.451238	-5380.451238	0
LOC410055	-3524.498809	-3524.498809	0
LOC410059	-5564.346469	-5564.346469	0
LOC410087	-3967.269437	-3967.269437	0
LOC410091	-4572.720654	-4572.720654	0
LOC410097	-17912.946316	-17912.946316	0
LOC410105	-6457.060618	-6457.060618	0
LOC410107	-8856.909150	-8856.909150	0
LOC410118	-6279.686629	-6279.686629	0
LOC410155	-4.813935	-4.813935	0
LOC410157	-1647.826562	-1647.826562	0
LOC410159	-16596.464911	-16596.464911	0
LOC410172	-5746.685375	-5746.685375	0
LOC410183	-19191.068290	-19191.068290	0
LOC410241	-1791.679326	-1791.679326	0
LOC410257	-4610.846679	-4610.846679	0
LOC410270	-7503.637298	-7503.637298	0
LOC410283	-3338.032788	-3338.032788	0
LOC410286	-10654.015316	-10654.015316	0
LOC410289	-10184.641237	-10184.641237	0
LOC410337	-11368.180602	-11368.180602	0
LOC410338	-4584.713725	-4584.713725	0
LOC410371	-12224.521886	-12224.521886	0
LOC410376	-3830.752300	-3830.752300	0
LOC410379	-11912.612168	-11912.612168	0
LOC410383	-7112.701201	-7112.701201	0
LOC410395	-1772.272470	-1772.272470	0
LOC410414	-11956.565644	-11960.456857	-7.78243
LOC410420	-3311.890229	-3311.890229	0
LOC410451	-8130.829358	-8130.829358	0
LOC410456	-4946.866848	-4946.866848	0
LOC410470	-5494.307478	-5494.307478	0
LOC410484	-10032.616844	-10032.616844	0
LOC410485	-11479.658303	-11479.658303	0
LOC410510	-11032.246105	-11032.246105	0
LOC410512	-4897.370280	-4897.370280	0
LOC410525	-1721.438280	-1721.438280	0
LOC410538	-10292.502526	-10292.502526	0
LOC410542	-6068.419582	-6068.419582	0
LOC410550	-8427.911477	-8427.911477	0
LOC410561	-2757.655008	-2757.655008	0
LOC410571	-16236.995855	-16236.995855	0
LOC410575	-3903.886105	-3903.886105	0
LOC410577	-2898.562038	-2898.562038	0
LOC410583	-6368.417271	-6368.417271	0
LOC410585	-21846.617872	-21846.617872	0
LOC410618	-5970.293811	-5970.293811	0
LOC410630	-14532.749177	-14546.467626	-27.4369
LOC410636	-1937.617786	-1937.594721	0.04613
LOC410663	-1720.727546	-1720.727546	0
LOC410664	-9269.252731	-9269.252731	0
LOC410719	-5100.393223	-5100.393223	0
LOC410732	-5474.618284	-5476.792070	-4.34757
LOC410811	-9057.470425	-9057.470425	0
LOC410812	-2065.338227	-2065.338227	0
LOC410821	-3498.830032	-3499.154889	-0.649714
LOC410837	-2910.055703	-2910.055703	0
LOC410860	-3829.289788	-3829.289788	0
LOC410879	-6012.716249	-6012.716249	0
LOC410907	-5262.536603	-5262.536603	0
LOC410911	-5909.993945	-5909.993945	0
LOC410938	-6615.752428	-6615.752428	0
LOC410940	-19488.593316	-19488.593316	0
LOC410943	-3822.747316	-3822.747316	0
LOC410952	-4521.533613	-4521.533613	0
LOC410969	-2268.926851	-2268.926851	0
LOC410973	-1729.058496	-1729.058496	0
LOC410985	-3802.740906	-3802.740906	0
LOC411043	-7235.030676	-7237.731493	-5.40163
LOC411048	-2868.006420	-2868.006420	0
LOC411054	-6082.260845	-6097.485791	-30.4499
LOC411070	-14449.282105	-14449.282105	0
LOC411088	-2119.147360	-2119.589884	-0.885048
LOC411100	-4159.473083	-4159.473083	0
LOC411115	-41775.961643	-41775.961641	4e-06
LOC411147	-9623.877938	-9623.877938	0
LOC411148	-6836.670157	-6836.670157	0
LOC411163	-6436.244070	-6435.614422	1.2593
LOC411164	-5704.135601	-5704.135601	0
LOC411167	-7817.163066	-7817.163066	0
LOC411188	-5931.721199	-5931.721199	0
LOC411191	-2118.989134	-2118.970158	0.037952
LOC411214	-4468.998615	-4468.998615	0
LOC411233	-10179.633950	-10179.633950	0
LOC411249	-13773.267659	-13773.267659	0
LOC411260	-1230.544350	-1230.544350	0
LOC411261	-10235.003144	-10235.003144	0
LOC411270	-9272.373500	-9272.373500	0
LOC411288	-4607.835699	-4607.835699	0
LOC411295	-2897.606355	-2897.606355	0
LOC411306	-4866.156547	-4866.156547	0
LOC411335	-2947.106355	-2947.106355	0
LOC411347	-2000.305448	-1999.314336	1.98222
LOC411365	-3111.958546	-3111.958546	0
LOC411391	-3575.812623	-3575.872703	-0.12016
LOC411404	-5954.534562	-5954.534562	0
LOC411408	-2550.879621	-2550.879621	0
LOC411447	-7535.137541	-7535.137541	0
LOC411458	-6752.792397	-6752.792397	0
LOC411473	-8586.893622	-8586.893622	0
LOC411474	-21677.396750	-21677.396750	0
LOC411490	-7368.029452	-7368.029452	0
LOC411509	-4231.663371	-4233.694133	-4.06152
LOC411510	-4690.210145	-4690.210145	0
LOC411519	-5560.948036	-5560.948036	0
LOC411524	-2757.525362	-2757.525362	0
LOC411540	-8585.572274	-8586.891723	-2.6389
LOC411545	-11272.635415	-11272.635415	0
LOC411552	-4242.991789	-4242.991789	0
LOC411564	-14034.787521	-14034.787521	0
LOC411566	-13917.921944	-13917.921944	0
LOC411633	-4614.344627	-4614.344627	0
LOC411639	-48625.083398	-48625.083398	0
LOC411654	-4242.156014	-4242.156014	0
LOC411665	-3354.036160	-3354.036160	0
LOC411698	-4872.090812	-4872.090812	0
LOC411699	-12842.000358	-12842.000358	0
LOC411719	-5303.951295	-5303.951295	0
LOC411722	-4596.376620	-4596.376620	0
LOC411724	-14203.677216	-14203.677216	0
LOC411730	-11620.526908	-11620.526908	0
LOC411731	-10031.138085	-10031.138085	0
LOC411732	-2912.137106	-2912.137106	0
LOC411789	-2794.346764	-2794.346764	0
LOC411794	-6335.995828	-6335.300990	1.38968
LOC411799	-7237.752423	-7237.752423	0
LOC411839	-6511.704598	-6511.704598	0
LOC411856	-3806.683341	-3806.683341	0
LOC411875	-6720.701783	-6720.701783	0
LOC411892	-4104.710282	-4104.710282	0
LOC411904	-10906.595620	-10910.637192	-8.08314
LOC411906	-13906.497165	-13906.497165	0
LOC411915	-4486.921409	-4486.921409	0
LOC411923	-13320.053711	-13320.053711	0
LOC411972	-5822.418220	-5822.418220	0
LOC411980	-7726.625726	-7726.625726	0
LOC411982	-3155.337608	-3155.337608	0
LOC411985	-16603.728625	-16613.525055	-19.5929
LOC412003	-9396.541188	-9396.541188	0
LOC412005	-4702.396316	-4702.879152	-0.965672
LOC412018	-8716.650933	-8716.650933	0
LOC412024	-3836.989488	-3838.025225	-2.07147
LOC412025	-9381.926178	-9381.926178	0
LOC412027	-5537.686066	-5537.686066	0
LOC412030	-1638.084546	-1638.083535	0.002022
LOC412046	-22698.545419	-22705.262839	-13.4348
LOC412064	-2906.006220	-2906.006220	0
LOC412069	-6730.211188	-6730.211188	0
LOC412082	-3639.811270	-3639.811270	0
LOC412097	-12673.031994	-12671.749150	2.56569
LOC412115	-11915.868121	-11915.868121	0
LOC412148	-2795.627336	-2795.627336	0
LOC412150	-11129.918807	-11129.918807	0
LOC412167	-11465.364618	-11465.364618	0
LOC412177	-7312.625087	-7312.625087	0
LOC412195	-6466.342436	-6466.342436	0
LOC412198	-22085.079955	-22088.404061	-6.64821
LOC412200	-9272.610185	-9272.610185	0
LOC412232	-4360.043902	-4360.043902	0
LOC412235	-4090.360092	-4090.360092	0
LOC412245	-6785.280640	-6785.280640	0
LOC412247	-4526.110018	-4526.110018	0
LOC412263	-13181.427816	-13181.201410	0.452812
LOC412276	-3720.935575	-3720.935575	0
LOC412277	-5281.790204	-5281.790204	0
LOC412278	-20090.049917	-20106.700300	-33.3008
LOC412282	-16557.194030	-16566.686059	-18.9841
LOC412287	-6894.166710	-6894.166710	0
LOC412294	-4676.506844	-4676.506844	0
LOC412303	-3568.591360	-3568.591360	0
LOC412332	-15627.301057	-15627.301057	0
LOC412339	-3667.137417	-3667.137417	0
LOC412348	-2778.811781	-2778.811781	0
LOC412366	-4188.773234	-4188.773234	0
LOC412378	-3225.998525	-3225.998525	0
LOC412410	-7209.620998	-7209.620998	0
LOC412422	-20014.160504	-20014.160504	0
LOC412423	-5521.714979	-5522.454441	-1.47892
LOC412467	-7124.595426	-7124.595426	0
LOC412470	-6913.967587	-6913.967587	0
LOC412526	-4470.537340	-4470.537340	0
LOC412540	-6656.553398	-6656.553398	0
LOC412547	-1363.134185	-1363.134185	0
LOC412554	-3049.791212	-3049.791212	0
LOC412563	-6234.684594	-6234.684594	0
LOC412573	-6765.750330	-6765.750327	6e-06
LOC412578	-2031.752504	-2031.752504	0
LOC412580	-7025.583463	-7025.583463	0
LOC412598	-4695.829584	-4695.829584	0
LOC412612	-5357.657964	-5357.657964	0
LOC412619	-5596.858406	-5596.858406	0
LOC412623	-13045.624427	-13045.981215	-0.713576
LOC412624	-9641.428581	-9641.428581	0
LOC412647	-4436.753211	-4436.753211	0
LOC412670	-6001.382720	-6001.382720	0
LOC412675	-5420.579684	-5420.579684	0
LOC412687	-5084.928858	-5084.928858	0
LOC412690	-4618.073530	-4618.073530	0
LOC412750	-12137.212942	-12137.212941	2e-06
LOC412762	-4391.676550	-4391.642016	0.069068
LOC412810	-13647.545883	-13647.545883	0
LOC412816	-3362.493582	-3362.493582	0
LOC412851	-4283.589201	-4283.589201	0
LOC412870	-1230.959386	-1230.959386	0
LOC412878	-21367.785051	-21367.785051	0
LOC412889	-5897.668134	-5897.668134	0
LOC412931	-6697.183982	-6697.183982	0
LOC412933	-4706.606701	-4706.606701	0
LOC412950	-9963.450367	-9963.450367	0
LOC412956	-5086.250252	-5086.250249	6e-06
LOC413006	-3936.680626	-3936.680626	0
LOC413011	-6535.376882	-6535.376882	0
LOC413030	-3243.677829	-3243.677829	0
LOC413032	-10861.303981	-10861.303993	-2.4e-05
LOC413065	-3369.001672	-3369.001672	0
LOC413074	-15802.843678	-15802.843678	0
LOC413087	-9266.856631	-9266.856631	0
LOC413101	-5148.323294	-5148.323294	0
LOC413106	-8428.401291	-8428.401291	0
LOC413110	-2356.026663	-2356.026663	0
LOC413119	-9897.327020	-9897.327020	0
LOC413126	-7983.720597	-7983.720597	0
LOC413133	-4599.099077	-4599.099077	0
LOC413153	-6819.956120	-6819.956120	0
LOC413179	-2626.920755	-2625.108138	3.62523
LOC413194	-6041.394991	-6041.394991	0
LOC413196	-3032.792648	-3032.792648	0
LOC413208	-7425.136667	-7425.136667	0
LOC413228	-7182.872429	-7182.872429	0
LOC413233	-9524.829835	-9524.829835	0
LOC413240	-2590.129582	-2590.129582	0
LOC413242	-9233.053588	-9233.053588	0
LOC413246	-1756.756944	-1756.756944	0
LOC413250	-8333.860650	-8333.860650	0
LOC413271	-6046.088091	-6046.088091	0
LOC413275	-3471.292151	-3471.292151	0
LOC413297	-3440.691754	-3440.713425	-0.043342
LOC413305	-8374.007239	-8374.007239	0
LOC413365	-4208.278611	-4208.278611	0
LOC413383	-3982.100462	-3982.100462	0
LOC413389	-7715.131038	-7715.131038	0
LOC413394	-2010.843045	-2010.843045	0
LOC413411	-8605.899014	-8605.899014	0
LOC413430	-5812.911824	-5816.123527	-6.42341
LOC413489	-6373.731817	-6373.731817	0
LOC413495	-3062.591673	-3062.591673	0
LOC413510	-16200.384201	-16200.384201	0
LOC413520	-3289.625385	-3290.549850	-1.84893
LOC413529	-6609.344619	-6609.344619	0
LOC413534	-5881.891740	-5881.891740	0
LOC413542	-14147.726816	-14147.726816	0
LOC413544	-7345.432286	-7345.432286	0
LOC413567	-4581.791840	-4581.791840	0
LOC413573	-3466.886374	-3466.886374	0
LOC413575	-10355.860599	-10355.860599	0
LOC413576	-8629.771023	-8629.771023	0
LOC413579	-6944.092920	-6944.530825	-0.87581
LOC413583	-5822.800172	-5822.800172	0
LOC413601	-3125.677591	-3125.677591	0
LOC413614	-1777.958698	-1777.958697	2e-06
LOC413619	-2282.145612	-2282.145612	0
LOC413643	-5607.282929	-5607.282929	0
LOC413668	-9637.232060	-9637.232060	0
LOC413672	-8871.323621	-8871.323621	0
LOC413678	-6233.366500	-6233.366500	0
LOC413688	-6360.926721	-6360.926721	0
LOC413699	-6574.345666	-6574.345666	0
LOC413713	-9211.363336	-9211.363336	0
LOC413736	-6734.851030	-6734.851023	1.4e-05
LOC413742	-8688.465894	-8688.465894	0
LOC413772	-6426.194898	-6427.038502	-1.68721
LOC413782	-10243.950743	-10243.950743	0
LOC413796	-13423.011693	-13423.011693	0
LOC413815	-5047.704217	-5047.704217	0
LOC413827	-3045.697951	-3045.697951	0
LOC413854	-10454.818380	-10454.818380	0
LOC413873	-19731.640741	-19731.640741	0
LOC413878	-7959.288444	-7959.288444	0
LOC413881	-1661.599412	-1661.599412	0
LOC413889	-4362.782031	-4362.782031	0
LOC413909	-6454.430588	-6454.430588	0
LOC413914	-3642.937348	-3642.937348	0
LOC413916	-3320.886423	-3320.886423	0
LOC413917	-7403.377215	-7403.377215	0
LOC413950	-12378.081669	-12378.081669	0
LOC413976	-2373.857876	-2373.857876	0
LOC413987	-6243.685864	-6243.685864	0
LOC414009	-7152.438206	-7152.438206	0
LOC414027	-1937.860521	-1937.860521	0
LOC414035	-3400.487358	-3400.487358	0
LOC414039	-1060.430048	-1060.430048	0
LOC494509	-4046.320823	-4046.320823	0
LOC550659	-4026.698761	-4026.698761	0
LOC550695	-7814.547449	-7814.547449	0
LOC550701	-4186.047789	-4186.047789	0
LOC550710	-2253.958536	-2253.958536	0
LOC550716	-16265.988204	-16268.245499	-4.51459
LOC550767	-3203.497977	-3203.497977	0
LOC550780	-3221.429664	-3221.429664	0
LOC550789	-4125.661827	-4125.661827	0
LOC550804	-8597.465817	-8601.263961	-7.59629
LOC550829	-21942.025066	-21942.025448	-0.000764
LOC550834	-817.611199	-817.410774	0.40085
LOC550869	-6641.813751	-6641.813751	0
LOC550881	-2532.465322	-2532.465322	0
LOC550884	-6808.900014	-6808.900014	0
LOC550885	-6905.542808	-6905.542808	0
LOC550901	-4655.727633	-4655.727633	0
LOC550903	-10065.514179	-10070.287431	-9.5465
LOC550955	-3014.906281	-3014.906281	0
LOC550970	-2253.395362	-2253.395362	0
LOC550998	-3087.496889	-3087.496889	0
LOC551009	-7259.955874	-7259.955874	0
LOC551012	-7931.902929	-7931.902929	0
LOC551036	-4706.501459	-4706.501459	0
LOC551042	-2723.625274	-2723.625274	0
LOC551057	-3200.095323	-3200.095323	0
LOC551088	-5543.721630	-5543.721630	0
LOC551093	-7057.779601	-7064.541429	-13.5237
LOC551100	-3020.086442	-3020.086442	0
LOC551114	-2322.275340	-2322.275340	0
LOC551116	-3513.792681	-3513.792681	0
LOC551133	-4743.019401	-4743.019401	0
LOC551177	-1930.513807	-1930.513807	0
LOC551194	-6824.724949	-6824.724949	0
LOC551198	-3718.029783	-3718.029783	0
LOC551207	-9931.482028	-9931.482028	0
LOC551208	-4443.899357	-4443.899357	0
LOC551212	-8439.763461	-8439.763461	0
LOC551219	-7523.559182	-7523.559182	0
LOC551231	-4941.442159	-4941.442160	-2e-06
LOC551248	-1833.145427	-1833.145427	0
LOC551276	-6587.979765	-6587.979765	0
LOC551290	-5729.062570	-5729.062570	0
LOC551304	-614.651608	-614.651608	0
LOC551314	-10201.552636	-10201.552636	0
LOC551324	-5231.559947	-5231.559947	0
LOC551353	-2673.199093	-2673.199093	0
LOC551364	-5758.507611	-5758.507611	0
LOC551379	-6005.672776	-6005.672776	0
LOC551381	-1147.215008	-1147.215008	0
LOC551384	-4597.816337	-4597.816337	0
LOC551392	-5836.523778	-5836.523778	0
LOC551395	-6390.151837	-6390.151837	0
LOC551398	-14734.103868	-14734.103868	0
LOC551405	-6969.746879	-6969.746879	0
LOC551413	-2005.636037	-2005.636037	0
LOC551414	-4302.111074	-4302.111074	0
LOC551416	-6695.725875	-6695.725875	0
LOC551425	-12981.587894	-12981.587894	0
LOC551426	-4222.124181	-4222.124181	0
LOC551435	-7486.996082	-7486.996082	0
LOC551439	-4173.562454	-4173.562454	0
LOC551441	-3474.900061	-3474.900061	0
LOC551445	-3839.447265	-3839.447265	0
LOC551447	-5445.375913	-5445.375913	0
LOC551448	-3110.713180	-3110.713180	0
LOC551452	-4852.927995	-4852.927995	0
LOC551457	-4509.164793	-4509.164793	0
LOC551467	-4962.961925	-4962.961925	0
LOC551484	-8677.714655	-8677.714655	0
LOC551500	-12781.270538	-12781.270538	0
LOC551501	-2173.944308	-2173.944308	0
LOC551517	-5422.504571	-5422.504571	0
LOC551530	-22898.066206	-22899.107766	-2.08312
LOC551549	-6422.006765	-6432.180948	-20.3484
LOC551554	-1768.636535	-1768.636535	0
LOC551578	-9706.556178	-9706.556178	0
LOC551581	-6620.111993	-6620.111993	0
LOC551589	-2399.398917	-2399.398917	0
LOC551602	-7257.411532	-7257.411532	0
LOC551603	-2248.142658	-2248.142658	0
LOC551607	-1222.491840	-1222.491840	0
LOC551608	-5529.960397	-5529.960397	0
LOC551618	-6348.791882	-6348.791882	0
LOC551619	-11119.614432	-11119.614432	0
LOC551629	-16515.806217	-16515.806217	0
LOC551631	-8635.867235	-8635.867235	0
LOC551642	-5154.929778	-5154.929778	0
LOC551662	-3115.381772	-3115.381772	0
LOC551664	-4223.267264	-4223.267264	0
LOC551668	-12719.173770	-12719.173770	0
LOC551679	-2556.281145	-2555.044359	2.47357
LOC551683	-4678.700894	-4678.700894	0
LOC551695	-772.307696	-772.307696	0
LOC551699	-5551.040943	-5551.040943	0
LOC551709	-13617.811533	-13618.579077	-1.53509
LOC551712	-6052.471789	-6052.471789	0
LOC551721	-5469.194010	-5468.660488	1.06704
LOC551732	-4435.318979	-4435.318979	0
LOC551749	-8035.607634	-8035.607634	0
LOC551753	-18537.814177	-18537.814177	0
LOC551755	-1405.333654	-1405.333654	0
LOC551757	-2041.848410	-2041.848410	0
LOC551794	-2252.599422	-2252.599422	0
LOC551806	-4523.060230	-4523.060230	0
LOC551815	-5097.838069	-5097.838069	0
LOC551817	-1586.059216	-1586.059216	0
LOC551819	-5323.481477	-5323.481477	0
LOC551827	-4294.084192	-4294.084192	0
LOC551847	-4567.629821	-4567.629821	0
LOC551872	-3582.955031	-3582.955031	0
LOC551882	-2999.799202	-2999.799202	0
LOC551890	-5380.264018	-5380.264018	0
LOC551892	-3556.768882	-3553.395455	6.74685
LOC551898	-1335.779448	-1335.779448	0
LOC551912	-1040.043647	-1040.043647	0
LOC551922	-2206.590410	-2206.497226	0.186368
LOC551952	-3781.085291	-3781.085291	0
LOC551961	-1619.269312	-1617.190066	4.15849
LOC551962	-2940.661177	-2940.661177	0
LOC551964	-7893.211252	-7893.211252	0
LOC551969	-7051.174117	-7051.174117	0
LOC551970	-15413.154641	-15418.611946	-10.9146
LOC551972	-5722.165664	-5722.165664	0
LOC551980	-3297.075646	-3297.075646	0
LOC551982	-2492.271673	-2492.271673	0
LOC551986	-4591.810908	-4591.810908	0
LOC552000	-2615.563912	-2615.563912	0
LOC552003	-3051.332764	-3051.332764	0
LOC552009	-3762.474994	-3762.474994	0
LOC552036	-5937.722115	-5937.722115	0
LOC552043	-3819.896132	-3819.896132	0
LOC552051	-3763.800335	-3763.800335	0
LOC552056	-6047.257176	-6047.829050	-1.14375
LOC552091	-4494.556697	-4494.556697	0
LOC552093	-3915.185401	-3915.185401	0
LOC552095	-16146.307634	-16146.307634	0
LOC552124	-3107.244783	-3107.244783	0
LOC552138	-1821.746360	-1821.746360	0
LOC552139	-3870.462952	-3870.462952	0
LOC552141	-3433.997309	-3433.997309	0
LOC552144	-6866.170739	-6866.155723	0.030032
LOC552145	-2052.261439	-2052.261439	0
LOC552150	-4888.148015	-4888.148015	0
LOC552156	-6458.080626	-6458.239397	-0.317542
LOC552161	-1458.323605	-1458.323605	0
LOC552163	-5991.194133	-5991.194133	0
LOC552180	-1770.952501	-1770.952501	0
LOC552181	-3408.516994	-3408.516994	0
LOC552191	-4870.869450	-4870.869450	0
LOC552194	-6178.557778	-6178.557778	0
LOC552196	-2465.573965	-2465.573965	0
LOC552197	-4251.925625	-4251.925625	0
LOC552204	-1885.888448	-1885.888448	0
LOC552213	-2021.230552	-2021.230552	0
LOC552237	-2357.311391	-2357.311391	0
LOC552245	-8786.861728	-8786.861728	0
LOC552246	-4614.314971	-4616.458103	-4.28626
LOC552247	-9207.601498	-9207.601498	0
LOC552249	-18841.081006	-18841.081006	0
LOC552254	-5441.602053	-5441.602053	0
LOC552263	-4094.930433	-4094.930433	0
LOC552278	-4524.353550	-4524.353550	0
LOC552283	-3839.562230	-3839.562230	0
LOC552315	-3610.803377	-3610.803377	0
LOC552327	-4879.908965	-4879.908965	0
LOC552348	-2190.673094	-2190.673094	0
LOC552353	-1850.548556	-1850.548556	0
LOC552377	-4731.864134	-4731.864134	0
LOC552392	-5094.873889	-5094.873889	0
LOC552398	-4576.952582	-4576.952582	0
LOC552403	-1375.178219	-1375.178219	0
LOC552410	-1331.039950	-1331.039950	0
LOC552413	-3969.225282	-3969.225282	0
LOC552417	-7230.803550	-7230.803550	0
LOC552419	-2050.280499	-2050.280499	0
LOC552424	-3297.494133	-3297.494133	0
LOC552426	-2632.216988	-2628.244509	7.94496
LOC552432	-5853.718823	-5853.718823	0
LOC552441	-2883.112982	-2883.112982	0
LOC552443	-2459.606690	-2459.606690	0
LOC552449	-2509.206586	-2509.206586	0
LOC552451	-4834.556225	-4834.556225	0
LOC552455	-7506.169131	-7506.169131	0
LOC552460	-1444.203954	-1444.203954	0
LOC552476	-1291.053818	-1291.053818	0
LOC552479	-9832.865354	-9832.865354	0
LOC552485	-5725.365768	-5728.734576	-6.73762
LOC552488	-5057.195049	-5057.195049	0
LOC552495	-10425.000659	-10425.000659	0
LOC552496	-9496.382918	-9496.382918	0
LOC552501	-1707.700006	-1707.700006	0
LOC552510	-7501.907517	-7501.907517	0
LOC552511	-3709.206772	-3709.206772	0
LOC552516	-3836.868725	-3836.868725	0
LOC552520	-4009.595507	-4009.595507	0
LOC552522	-7292.907121	-7292.907121	0
LOC552528	-8216.149455	-8216.149455	0
LOC552529	-1441.452903	-1441.452903	0
LOC552531	-1146.971679	-1146.971679	0
LOC552533	-6641.793558	-6641.793558	0
LOC552549	-5887.247253	-5887.247253	0
LOC552551	-1412.760450	-1412.760450	0
LOC552562	-5275.542435	-5275.542435	0
LOC552566	-6574.464484	-6574.464484	0
LOC552571	-7718.236957	-7718.236957	0
LOC552590	-4499.557607	-4499.557607	0
LOC552592	-7836.020243	-7836.020243	0
LOC552599	-1699.128049	-1699.128049	0
LOC552607	-3788.726691	-3788.726691	0
LOC552641	-5460.997171	-5460.997171	0
LOC552643	-9163.280875	-9163.280875	0
LOC552654	-2661.569540	-2661.569540	0
LOC552656	-6492.934578	-6487.696975	10.4752
LOC552658	-12929.217398	-12929.217398	0
LOC552662	-5086.680672	-5086.680672	0
LOC552674	-12025.337918	-12025.337918	0
LOC552686	-2401.361332	-2401.361332	0
LOC552688	-3352.938579	-3353.988371	-2.09958
LOC552696	-5000.186759	-5000.186759	0
LOC552715	-3716.327377	-3718.026177	-3.3976
LOC552719	-1352.259089	-1352.259089	0
LOC552720	-2772.705355	-2772.705355	0
LOC552721	-2724.867813	-2724.867813	0
LOC552723	-6982.314092	-6982.314092	0
LOC552725	-7215.377380	-7215.377380	0
LOC552730	-1985.919753	-1985.919753	0
LOC552734	-3600.048889	-3600.048889	0
LOC552745	-5320.295395	-5320.295395	0
LOC552747	-8783.409704	-8783.409704	0
LOC552748	-5416.816638	-5416.816638	0
LOC552756	-5472.663441	-5472.663441	0
LOC552766	-5314.280423	-5314.280423	0
LOC552769	-3741.267868	-3741.267868	0
LOC552772	-1492.327514	-1492.327514	0
LOC552776	-7485.397712	-7485.397712	0
LOC552779	-1772.097123	-1772.097123	0
LOC552787	-10209.613907	-10209.613907	0
LOC552794	-14948.087443	-14948.087443	0
LOC552797	-3947.783899	-3947.783899	0
LOC552802	-1567.300672	-1567.300672	0
LOC552804	-5441.831673	-5441.831673	0
LOC552807	-1727.288789	-1727.288789	0
LOC552827	-649.292971	-649.292971	0
LOC552832	-4639.456586	-4639.456586	0
LOC552839			0
LOC724169	-2677.479898	-2677.479898	0
LOC724170	-5168.391078	-5168.391081	-6e-06
LOC724188	-1176.341470	-1176.341470	0
LOC724215	-19326.996235	-19326.996235	0
LOC724216	-4452.154636	-4452.154636	0
LOC724218	-4687.929302	-4687.929302	0
LOC724239	-5499.113203	-5499.113203	0
LOC724241	-1177.460704	-1177.460704	0
LOC724247	-7256.878386	-7256.878386	0
LOC724256	-2893.214666	-2893.214666	0
LOC724291	-5076.180347	-5076.180347	0
LOC724292	-5234.790840	-5226.012340	17.557
LOC724296	-9729.023522	-9729.023522	0
LOC724303	-1614.314313	-1614.314313	0
LOC724323	-4949.049651	-4949.049651	0
LOC724339	-7436.772783	-7436.772783	0
LOC724341	-3287.184190	-3287.184190	0
LOC724343	-1742.226477	-1742.226477	0
LOC724350	-2653.193633	-2653.193633	0
LOC724365	-1515.132785	-1515.132785	0
LOC724366	-1865.377902	-1865.377902	0
LOC724386	-3059.768891	-3059.768891	0
LOC724407	-174.987996	-174.987996	0
LOC724408	-1506.513918	-1506.513918	0
LOC724423	-25688.884422	-25688.884422	0
LOC724432	-4433.808490	-4433.808490	0
LOC724443	-4991.492561	-4991.492561	0
LOC724486	-1580.549309	-1580.549309	0
LOC724488	-3319.667818	-3319.667818	0
LOC724496	-6301.961162	-6301.961162	0
LOC724510	-13882.125820	-13882.125820	0
LOC724533	-1635.691831	-1635.691831	0
LOC724542	-9425.688898	-9425.688898	0
LOC724625	-693.014415	-693.014415	0
LOC724630	-1302.656091	-1302.656091	0
LOC724648	-2500.839231	-2500.839231	0
LOC724654	-1840.209312	-1840.209312	0
LOC724656	-11833.965420	-11833.965420	0
LOC724700	-5591.513767	-5591.513767	0
LOC724703	-8101.785603	-8101.785603	0
LOC724704	-5410.994567	-5410.994567	0
LOC724710	-3301.760334	-3301.760334	0
LOC724741	-9694.464763	-9694.464763	0
LOC724742	-4385.186561	-4385.186561	0
LOC724769	-1440.562560	-1440.562560	0
LOC724786	-1653.292032	-1653.292032	0
LOC724790	-3184.310967	-3184.310967	0
LOC724794	-1300.948335	-1300.948335	0
LOC724798	-5219.739865	-5219.739865	0
LOC724809	-9251.696987	-9251.696987	0
LOC724827	-2957.924322	-2957.924322	0
LOC724863	-8302.316846	-8302.316846	0
LOC724865	-13043.693099	-13043.693099	0
LOC724885	-3011.011056	-3011.011056	0
LOC724888	-1163.770834	-1163.770834	0
LOC724891	-7397.626059	-7397.626059	0
LOC724896	-899.943825	-899.943825	0
LOC724926	-10585.485009	-10585.485009	0
LOC724930	-8423.946934	-8423.946934	0
LOC724932	-5568.350467	-5568.350467	0
LOC724947	-3714.598614	-3714.598614	0
LOC724948	-10874.978515	-10874.978515	0
LOC724953	-2907.366377	-2907.366377	0
LOC724954	-1904.901297	-1904.901297	0
LOC725023	-5977.841465	-5977.841465	0
LOC725026	-5286.606057	-5286.606057	0
LOC725044	-5823.880390	-5823.880390	0
LOC725055	-610.327915	-610.327915	0
LOC725111	-11562.305560	-11562.305560	0
LOC725142	-937.014352	-937.014352	0
LOC725143	-4410.649241	-4410.649241	0
LOC725146	-4302.509857	-4302.509857	0
LOC725149	-12517.847981	-12517.847980	2e-06
LOC725178	-8407.809157	-8407.809157	0
LOC725184	-1254.613416	-1254.613416	0
LOC725204	-4043.218903	-4043.218903	0
LOC725216	-23575.933778	-23575.933778	0
LOC725238	-4054.858083	-4054.858083	0
LOC725240	-1341.574754	-1341.574754	0
LOC725261	-1899.186345	-1899.122389	0.127912
LOC725266	-1599.199068	-1599.199068	0
LOC725306	-25303.902643	-25303.902643	0
LOC725316	-1530.585198	-1530.116326	0.937744
LOC725320	-9133.750605	-9135.031508	-2.56181
LOC725325	-6956.849865	-6956.849865	0
LOC725330	-6680.356288	-6680.356288	0
LOC725343	-7661.848120	-7661.848120	0
LOC725345	-1108.076484	-1108.076484	0
LOC725348	-5126.201480	-5126.201480	0
LOC725362	-3369.286994	-3369.286994	0
LOC725363	-4366.577297	-4366.577297	0
LOC725368	-5179.335043	-5179.335043	0
LOC725374	-2601.027654	-2601.454731	-0.854154
LOC725388	-8546.354002	-8546.354002	0
LOC725416	-1612.819443	-1612.819443	0
LOC725459	-3231.307739	-3231.307739	0
LOC725477	-7612.223450	-7612.223450	0
LOC725478	-2649.487345	-2649.487345	0
LOC725486	-10206.859584	-10206.859584	0
LOC725491	-2187.219656	-2187.219656	0
LOC725496	-5601.664348	-5601.664348	0
LOC725505	-3025.258258	-3032.881611	-15.2467
LOC725512	-7060.656768	-7060.656768	0
LOC725529	-3792.852055	-3792.852055	0
LOC725539	-7687.538014	-7687.538014	0
LOC725551	-2735.381388	-2735.381388	0
LOC725552	-9512.916855	-9512.916855	0
LOC725566	-1887.537196	-1886.336085	2.40222
LOC725569	-4840.013322	-4840.013322	0
LOC725571	-5644.263681	-5644.263681	0
LOC725572	-1221.028763	-1220.986778	0.08397
LOC725576	-8926.867185	-8926.867185	0
LOC725603	-2561.934163	-2561.934163	0
LOC725609	-852.022214	-852.022214	0
LOC725611	-20441.078825	-20441.078825	0
LOC725612	-13446.935478	-13455.221617	-16.5723
LOC725628	-3090.983765	-3090.983765	0
LOC725633	-1646.721596	-1646.721596	0
LOC725641	-1082.381179	-1082.381179	0
LOC725661	-7092.660308	-7090.264291	4.79203
LOC725686	-929.313208	-929.313208	0
LOC725688	-2390.898874	-2390.898874	0
LOC725690	-4187.116783	-4187.116783	0
LOC725701	-7077.433652	-7077.433652	0
LOC725705	-1294.908540	-1294.908540	0
LOC725719	-14065.069253	-14075.280545	-20.4226
LOC725744	-2708.708848	-2708.708848	0
LOC725753	-3534.661710	-3534.661710	0
LOC725756	-6749.247887	-6749.247887	0
LOC725770	-9171.039758	-9171.039758	0
LOC725780	-4298.414889	-4298.414889	0
LOC725801	-4890.193333	-4890.193333	0
LOC725835	-1358.735180	-1358.735180	0
LOC725856	-1569.503077	-1569.503077	0
LOC725880	-784.867810	-784.867810	0
LOC725881	-3508.706979	-3500.987567	15.4388
LOC725896	-6163.522322	-6163.522322	0
LOC725899	-5323.983320	-5323.983320	0
LOC725922	-7220.282032	-7220.282032	0
LOC725942	-1793.948269	-1793.948269	0
LOC725947	-697.807638	-697.807638	0
LOC726002	-14652.056557	-14652.056557	0
LOC726015	-3667.258206	-3667.258206	0
LOC726030	-9866.798628	-9866.798628	0
LOC726040	-12595.934432	-12595.934432	0
LOC726061	-1377.614303	-1377.614303	0
LOC726095	-4069.449816	-4069.449816	0
LOC726102	-7504.509026	-7504.509026	0
LOC726118	-1705.552143	-1705.552143	0
LOC726131	-1224.171816	-1224.171816	0
LOC726163	-3000.814404	-3001.094768	-0.560728
LOC726164	-2473.788163	-2473.851746	-0.127166
LOC726167	-3200.567774	-3200.567774	0
LOC726172	-4145.132302	-4145.132302	0
LOC726187	-9027.599270	-9028.029314	-0.860088
LOC726197	-2042.178181	-2042.178181	0
LOC726205	-3181.164588	-3181.164588	0
LOC726212	-8558.283205	-8558.283205	0
LOC726221	-1609.085341	-1605.911628	6.34743
LOC726227	-6958.764896	-6958.764896	0
LOC726237	-3798.564139	-3798.564139	0
LOC726239	-3949.717642	-3949.717642	0
LOC726240	-1814.784381	-1814.784381	0
LOC726253	-2811.251255	-2811.251255	0
LOC726255	-5098.714475	-5098.714475	0
LOC726289	-2503.648700	-2503.648700	0
LOC726302	-2535.089916	-2535.089916	0
LOC726303	-3609.896377	-3610.855643	-1.91853
LOC726310	-12840.198717	-12840.198717	0
LOC726315	-7368.982245	-7368.982245	0
LOC726352	-3609.037244	-3609.037244	0
LOC726380	-4381.707927	-4381.707927	0
LOC726389	-5694.106828	-5694.106828	0
LOC726409	-1904.633285	-1904.633285	0
LOC726414	-11930.517791	-11930.517791	0
LOC726418	-6026.403313	-6026.403313	0
LOC726428	-2633.892181	-2633.892181	0
LOC726497	-27782.691209	-27791.274821	-17.1672
LOC726498	-1537.208163	-1537.204352	0.007622
LOC726500	-1422.111140	-1422.111140	0
LOC726540	-15829.221390	-15829.221390	0
LOC726562	-8073.852721	-8073.852721	0
LOC726579	-8550.753026	-8550.753026	0
LOC726583	-10072.228476	-10072.228476	0
LOC726609	-1844.782869	-1844.782869	0
LOC726626	-2248.281353	-2248.281353	0
LOC726637	-9586.769203	-9586.769203	0
LOC726666	-916.826879	-916.826879	0
LOC726720	-1803.400715	-1803.400715	0
LOC726721	-686.181886	-686.181886	0
LOC726742	-13839.787545	-13839.787545	0
LOC726747	-1754.464298	-1754.464298	0
LOC726754	-4806.119653	-4806.119653	0
LOC726760	-8974.456629	-8974.456629	0
LOC726800	-4883.600018	-4883.600018	0
LOC726811	-4430.699912	-4430.699912	0
LOC726812	-6197.554137	-6197.554137	0
LOC726822	-2817.509751	-2817.509751	0
LOC726826	-5686.592853	-5686.592853	0
LOC726850	-1872.307189	-1872.307189	0
LOC726869	-7606.761336	-7608.695253	-3.86783
LOC726872	-2528.710612	-2528.710612	0
LOC726887	-3250.938660	-3250.938660	0
LOC726890	-4024.821603	-4024.821603	0
LOC726923	-1197.639659	-1197.639659	0
LOC726928	-12040.894462	-12040.894462	0
LOC726947	-7456.174893	-7456.174893	0
LOC726958	-2628.476222	-2628.476222	0
LOC726983	-7620.864260	-7620.864260	0
LOC726999	-3885.055317	-3880.946066	8.2185
LOC727004	-2395.900503	-2395.900503	0
LOC727009	-9840.909728	-9840.909728	0
LOC727022	-8899.722734	-8899.722734	0
LOC727025	-589.044256	-589.044256	0
LOC727027	-8375.041494	-8375.041494	0
LOC727048	-3673.126330	-3673.126330	0
LOC727116	-2541.251197	-2541.251197	0
LOC727122	-1120.151123	-1120.151123	0
LOC727146	-10195.237630	-10195.237630	0
LOC727186	-1443.893569	-1443.893569	0
LOC727229	-9285.299732	-9285.299732	0
LOC727237	-6705.354339	-6705.354339	0
LOC727238	-25789.993701	-25802.602302	-25.2172
LOC727299	-5621.946390	-5621.946390	0
LOC727303	-5357.986638	-5357.986638	0
LOC727320	-7652.309229	-7652.309229	0
LOC727378	-930.807346	-930.807346	0
LOC727396	-14784.077327	-14784.077327	0
LOC727420	-4408.938945	-4408.938945	0
LOC727456	-269.517472	-268.603938	1.82707
LOC727495	-11488.078951	-11488.078951	0
LOC727539	-3918.927145	-3918.927145	0
LOC727582	-4871.474799	-4871.474799	0
LOC727622	-5672.302803	-5672.302803	0
LOC727634	-5964.927059	-5964.927059	0
LOC727652	-17769.259963	-17769.259963	0
NOS	-14239.689827	-14246.310647	-13.2416
PGRP-S3	-2043.724225	-2043.724225	0
Ppib	-2074.794769	-2074.794769	0
PPO	-8209.848673	-8209.848673	0
Pten	-1746.242739	-1746.242739	0
Rnft2	-6008.208731	-6008.208731	0
RpL35	-1631.621442	-1631.643447	-0.04401
Smb	-1754.295330	-1754.295329	2e-06
Snf	-2308.930640	-2308.930640	0
STT3B	-7328.741663	-7328.741663	0
Tpi	-2709.864862	-2709.864862	0
Tspan6	-4807.530821	-4807.530821	0
Usp	-4570.427599	-4570.427599	0
Vg	-42630.920813	-42630.920813	0
Vha16	-1297.965732	-1292.255153	11.4212
Gene	lnL_Null	lnL_Alt	LRT
LOC406097	-8166.775408	-8166.775408	0
LOC408358	-19061.386132	-19061.386132	0
LOC408391	-4453.430119	-4453.430091	5.6e-05
LOC408426	-3241.277178	-3241.277178	0
LOC408438	-14424.628236	-14424.628236	0
LOC408717	-3369.198180	-3369.099940	0.19648
LOC408808	-14402.247282	-14402.247282	0
LOC408834	-4232.124690	-4232.171697	-0.094014
LOC408851	-1536.169077	-1536.169077	0
LOC408924	-6086.423663	-6086.423663	0
LOC409036	-1416.613749	-1416.613749	0
LOC409055	-4805.297193	-4805.297193	0
LOC409125	-17231.392588	-17231.392588	0
LOC409165	-5610.819153	-5610.819153	0
LOC409226	-7895.169312	-7895.169312	0
LOC409286	-3534.066145	-3534.066145	0
LOC409334	-9976.925716	-9976.925716	0
LOC409336	-3561.417476	-3561.417476	0
LOC409341	-5686.769384	-5686.769384	0
LOC409365	-14227.854453	-14227.854453	0
LOC409386	-1132.567502	-1132.587831	-0.040658
LOC409393	-26678.725164	-26678.725164	0
LOC409495	-4288.230969	-4288.230969	0
LOC409523	-3502.474207	-3502.474207	0
LOC409529	-1982.060597	-1982.060597	0
LOC411270	-9272.373500	-9272.373500	0
LOC411295	-2897.606355	-2897.606355	0
LOC411519	-5560.948036	-5560.948036	0
LOC411566	-13917.921944	-13917.921944	0
LOC411639	-48625.083398	-48625.083398	0
LOC411892	-4104.710282	-4104.710282	0
LOC411915	-4486.921409	-4486.921409	0
LOC411980	-7726.625726	-7726.625726	0
LOC552062	-5449.811004	-5449.811004	0
LOC102654146	-4546.151780	-4546.151780	0
LOC411083	-11656.855044	-11682.785724	-51.8614
LOC411457	-5570.522283	-5570.522283	0
LOC411796	-5312.065563	-5312.065563	0
LOC551837	-12231.613044	-12231.613044	0
LOC551931	-3244.996146	-3245.582215	-1.17214
LOC726476	-4810.374166	-4810.374166	0
