Arp1	-3666.895150	-3666.895149	2e-06
B-gluc1	-8574.246514	-8574.246514	0
Cox6c	-1488.735721	-1488.735721	0
CPR14	-1854.579109	-1854.427450	0.303318
CPR19	-3264.294063	-3263.184028	2.22007
CSP6	-1974.616171	-1974.616171	0
CytC	-1414.168007	-1414.168007	0
Dcr-1	-17111.685220	-17111.685220	0
Dl	-10529.937892	-10529.937892	0
Dnmt3	-9950.851212	-9950.851212	0
Ecr	-4671.019143	-4671.019142	2e-06
egh	-5751.007585	-5751.007585	0
FAR1	-7147.859069	-7145.397668	4.9228
Gat-1B	-7489.321372	-7489.321372	0
Gat-a	-7591.100997	-7591.100997	0
Gene	lnL_Null	lnL_Alt	LRT
Gfat2	-9158.113345	-9158.113345	0
GlnS	-5419.994597	-5419.994597	0
GstD1	-4390.884810	-4387.481409	6.8068
GstS4	-3258.751287	-3258.751287	0
Imd	-4525.239875	-4525.239875	0
Jtb	-8379.539082	-8379.539082	0
KAT2A	-9556.589138	-9556.589138	0
LOC100379261	-6102.187588	-6102.187588	0
LOC100576099	-2096.774259	-2096.752180	0.044158
LOC100576186	-7574.371572	-7573.836216	1.07071
LOC100576195	-1542.015426	-1537.603056	8.82474
LOC100576337	-3442.198246	-3442.198246	0
LOC100576383	-6943.291951	-6943.291951	0
LOC100576411	-9050.678809	-9050.678809	0
LOC100576527	-8828.721205	-8828.721205	0
LOC100576646	-3361.552797	-3361.552797	0
LOC100576649	-8761.400908	-8760.642532	1.51675
LOC100576660	-9029.412088	-9029.409284	0.005608
LOC100576742	-15596.925682	-15596.925682	0
LOC100576795	-3884.651626	-3884.473977	0.355298
LOC100576801	-3753.661082	-3753.661082	0
LOC100576818	-4879.350395	-4879.350395	0
LOC100576819	-7676.065326	-7676.065326	0
LOC100576826	-3583.492090	-3583.492090	0
LOC100576862	-6292.827303	-6288.647566	8.35947
LOC100577002	-8142.628685	-8142.628685	0
LOC100577019	-487.818240	-487.818240	0
LOC100577050	-8149.288383	-8149.288383	0
LOC100577053	-9031.190655	-9031.190655	0
LOC100577136	-5986.761755	-5985.734436	2.05464
LOC100577140	-8770.148078	-8770.148078	0
LOC100577174	-18766.859939	-18766.859939	0
LOC100577196	-9768.763667	-9768.157321	1.21269
LOC100577401	-16687.018281	-16687.018281	0
LOC100577423	-5058.934534	-5058.934534	0
LOC100577481	-7683.897919	-7683.897919	0
LOC100577493	-9551.393255	-9551.393255	0
LOC100577519			0
LOC100577687	-7331.572145	-7331.330938	0.482414
LOC100577690	-2326.200519	-2326.110849	0.17934
LOC100577763	-37594.013112	-37594.013112	0
LOC100577764	-1764.959431	-1764.959431	0
LOC100577841	-4296.863534	-4296.863534	0
LOC100577870	-1452.066422	-1452.066422	0
LOC100577972	-67233.024375	-67233.024375	0
LOC100578030	-5501.298653	-5501.298653	0
LOC100578035	-3696.841238	-3696.841238	0
LOC100578071	-27454.553261	-27454.469278	0.167966
LOC100578156	-4112.525110	-4112.525110	0
LOC100578168	-2228.398251	-2228.398251	0
LOC100578209	-4738.271327	-4738.271327	0
LOC100578215	-6355.367309	-6355.367309	0
LOC100578235	-1916.131957	-1916.119365	0.025184
LOC100578255	-23335.872944	-23335.872944	0
LOC100578277	-1115.865449	-1115.865449	0
LOC100578329	-9298.127236	-9296.421959	3.41055
LOC100578356	-19586.279541	-19586.279541	0
LOC100578380	-2966.578270	-2966.578245	5e-05
LOC100578433	-22941.849864	-22941.849864	0
LOC100578450	-11485.772271	-11485.772271	0
LOC100578537	-11199.523742	-11195.164400	8.71868
LOC100578560	-1647.557990	-1643.879910	7.35616
LOC100578586	-10961.814690	-10961.814488	0.000404
LOC100578697	-2795.771743	-2795.771743	0
LOC100578725	-1133.930588	-1133.930588	0
LOC100578875	-4994.388249	-4994.388249	0
LOC100578893	-11053.191856	-11052.984134	0.415444
LOC102653793	-5565.375863	-5565.375863	0
LOC102653879	-4449.539106	-4449.539106	0
LOC102653930	-1477.985645	-1477.985645	0
LOC102653951	-1985.255854	-1985.255717	0.000274
LOC102654014	-3589.056310	-3589.056310	0
LOC102654165	-4719.568066	-4719.054830	1.02647
LOC102654312	-5275.533113	-5275.533113	0
LOC102654349	-956.698535	-956.698535	0
LOC102654365	-8188.692958	-8188.692958	0
LOC102654610	-3855.684104	-3855.684104	0
LOC102654621	-6701.879112	-6701.879112	0
LOC102654987	-2046.651601	-2046.651601	0
LOC102655219	-4878.798431	-4878.717916	0.16103
LOC102655244	-9649.839709	-9649.839709	0
LOC102655259	-9876.394107	-9876.394107	0
LOC102655470	-551.877892	-551.877892	0
LOC102655679	-3350.672761	-3350.672761	0
LOC102655688	-7852.381150	-7852.381150	0
LOC102655836	-6360.080783	-6360.080783	0
LOC102655877	-4943.558342	-4942.798278	1.52013
LOC102655904	-1683.673252	-1683.673251	2e-06
LOC102655948	-4157.324455	-4157.324455	0
LOC102656183	-1841.318427	-1841.318427	0
LOC102656263	-2862.010085	-2861.897570	0.22503
LOC102656287	-1672.372924	-1672.372924	0
LOC107963993	-5512.336694	-5512.336694	0
LOC107964089	-2767.594333	-2767.594333	0
LOC107964507	-1443.433677	-1443.335580	0.196194
LOC107965021	-1491.637550	-1491.637550	0
LOC107965199	-9224.325476	-9224.325476	0
LOC107965225	-2525.838345	-2525.587597	0.501496
LOC107965250	-5535.554530	-5535.554530	0
LOC107965266	-6706.665924	-6706.665924	0
LOC107965508	-3965.385806	-3965.385806	0
LOC107965749	-5552.023337	-5552.023337	0
LOC107965828	-3745.675226	-3745.675226	0
LOC113218526	-11246.101250	-11246.101250	0
LOC113218534	-4988.325361	-4988.325361	0
LOC113218670	-2777.103909	-2777.103909	0
LOC406097	-8167.501597	-8166.770325	1.46254
LOC406114	-9788.950257	-9788.861607	0.1773
LOC408271	-6691.074071	-6691.074071	0
LOC408286	-12231.697671	-12231.697671	0
LOC408303	-5193.919478	-5189.393713	9.05153
LOC408312	-7852.724633	-7852.724633	0
LOC408355	-5886.919856	-5886.919856	0
LOC408358	-19043.013679	-19043.013679	0
LOC408369	-3157.644044	-3157.644044	0
LOC408391	-4453.433720	-4453.432152	0.003136
LOC408402	-7159.028124	-7159.028124	0
LOC408421	-9027.237562	-9027.237562	0
LOC408426	-3242.872475	-3242.785140	0.17467
LOC408434	-5856.189940	-5856.189940	0
LOC408438	-14422.775031	-14422.528706	0.49265
LOC408458	-12995.771177	-12995.771177	0
LOC408461	-3731.043042	-3731.043042	0
LOC408474	-9895.792951	-9895.792951	0
LOC408501	-15062.487186	-15062.487186	0
LOC408511	-3733.041177	-3733.041177	0
LOC408520	-3360.473621	-3360.473621	0
LOC408533	-16628.534238	-16628.533841	0.000794
LOC408573	-2866.247622	-2866.231872	0.0315
LOC408575	-4879.371668	-4879.178129	0.387078
LOC408592	-6448.888540	-6448.888540	0
LOC408597	-4364.083922	-4364.083922	0
LOC408649	-7009.851912	-7009.851912	0
LOC408661	-9165.252297	-9165.071519	0.361556
LOC408668	-11327.551909	-11327.551909	0
LOC408687	-3718.365798	-3718.365798	0
LOC408717	-3369.198180	-3369.198180	0
LOC408741	-4276.771064	-4276.771064	0
LOC408742	-8625.312844	-8625.312844	0
LOC408748	-2007.176653	-2007.176653	0
LOC408766	-2687.437677	-2684.900168	5.07502
LOC408774	-41884.236612	-41884.236612	0
LOC408785	-3382.431999	-3382.431999	0
LOC408791	-15390.469145	-15390.469145	0
LOC408793	-11753.646385	-11753.646385	0
LOC408804	-12011.073025	-12011.073025	0
LOC408808	-14415.323459	-14415.323459	0
LOC408815	-18451.898356	-18451.898356	0
LOC408819	-2244.097422	-2244.097422	0
LOC408827	-3211.306228	-3211.306228	0
LOC408833	-3062.368225	-3062.368225	0
LOC408834	-4231.559132	-4231.559132	0
LOC408851	-1543.363757	-1543.232402	0.26271
LOC408871	-5894.853136	-5894.853136	0
LOC408892	-5271.699071	-5271.453256	0.49163
LOC408906	-7500.557315	-7500.557315	0
LOC408924	-6091.052066	-6091.052066	0
LOC408925	-9687.190721	-9687.190715	1.2e-05
LOC408955	-6706.383456	-6706.383456	0
LOC408971	-2076.048783	-2076.048783	0
LOC408979	-5548.731427	-5548.723642	0.01557
LOC408989	-9922.023350	-9921.864309	0.318082
LOC409004	-1719.289538	-1719.289538	0
LOC409023	-5113.622295	-5113.622295	0
LOC409026	-3225.590540	-3225.590540	0
LOC409032	-11853.559484	-11853.559484	0
LOC409036	-1399.596285	-1399.596285	0
LOC409041	-3907.961856	-3907.961856	0
LOC409055	-4805.297193	-4805.297193	0
LOC409068	-4631.947038	-4630.981609	1.93086
LOC409098	-13346.841189	-13346.841189	0
LOC409103	-4365.739614	-4365.739591	4.6e-05
LOC409125	-17252.127982	-17252.024422	0.20712
LOC409157	-7985.407493	-7985.360747	0.093492
LOC409165	-5607.980233	-5607.980233	0
LOC409179	-5792.847685	-5791.306041	3.08329
LOC409180	-6518.796898	-6517.925167	1.74346
LOC409189	-5527.022291	-5527.022291	0
LOC409196	-7736.878302	-7736.878302	0
LOC409201	-1896.428568	-1896.428568	0
LOC409203	-8518.457407	-8518.457407	0
LOC409226	-7884.299341	-7884.178108	0.242466
LOC409245	-4574.761553	-4574.761553	0
LOC409249	-13677.059957	-13677.059955	4e-06
LOC409260	-6636.917241	-6636.429972	0.974538
LOC409263	-3949.268698	-3949.227420	0.082556
LOC409265	-7541.482005	-7541.482005	0
LOC409270	-5553.902890	-5553.902890	0
LOC409271	-24418.767326	-24418.767326	0
LOC409286	-3551.788935	-3551.762116	0.053638
LOC409292	-4087.301367	-4084.438674	5.72539
LOC409308	-763.917338	-763.917338	0
LOC409320	-3028.492600	-3028.492600	0
LOC409329	-3775.529978	-3775.529978	0
LOC409334	-9978.032494	-9977.885050	0.294888
LOC409336	-3567.724743	-3567.540915	0.367656
LOC409341	-5685.723711	-5682.371225	6.70497
LOC409361	-2637.618142	-2637.618142	0
LOC409365	-14223.831708	-14223.831708	0
LOC409373	-3672.844807	-3672.844807	0
LOC409377	-7366.958657	-7366.958655	4e-06
LOC409386	-1130.776355	-1130.776355	0
LOC409388	-3093.521508	-3092.877344	1.28833
LOC409393	-26688.407012	-26690.669365	-4.52471
LOC409410	-5483.631555	-5483.599355	0.0644
LOC409411	-3634.635429	-3634.635429	0
LOC409425	-11354.913007	-11354.913007	0
LOC409427	-4580.323661	-4579.846983	0.953356
LOC409441	-4700.397377	-4700.397377	0
LOC409465	-71.451825	-71.052476	0.798698
LOC409488	-3499.927685	-3499.927685	0
LOC409491	-4484.376618	-4484.376618	0
LOC409495	-4292.237920	-4291.984931	0.505978
LOC409499	-4247.411230	-4247.411230	0
LOC409511	-3874.476242	-3874.476242	0
LOC409520	-2979.344910	-2979.344910	0
LOC409523	-3502.411605	-3502.411605	0
LOC409529	-1982.098259	-1982.098259	0
LOC409538	-1996.173898	-1996.173898	0
LOC409559	-6154.657830	-6154.657830	0
LOC409586	-2953.137536	-2953.137536	0
LOC409607	-3253.800576	-3253.800576	0
LOC409633	-3128.725163	-3128.725163	0
LOC409643	-4836.885521	-4836.885521	0
LOC409662	-3267.043127	-3267.043127	0
LOC409667	-1189.971738	-1189.971738	0
LOC409670	-8490.987170	-8490.987170	0
LOC409673	-31272.489512	-31272.489512	0
LOC409689	-6426.849111	-6426.849111	0
LOC409704	-6895.937755	-6895.733341	0.408828
LOC409724	-7595.212238	-7595.212238	0
LOC409726	-7539.266476	-7539.266476	0
LOC409736	-5979.205902	-5978.682654	1.0465
LOC409740	-3624.837264	-3624.837264	0
LOC409749	-1584.179664	-1569.113851	30.1316
LOC409762	-2219.536180	-2219.534942	0.002476
LOC409769	-5938.505541	-5938.505541	0
LOC409791	-3376.073760	-3375.054060	2.0394
LOC409795	-13934.339160	-13934.339160	0
LOC409814	-9401.362447	-9401.362447	0
LOC409833	-5597.611960	-5597.572598	0.078724
LOC409838	-8522.598530	-8522.598530	0
LOC409852	-6703.231692	-6703.231692	0
LOC409857	-1346.083587	-1344.954629	2.25792
LOC409860	-7692.181435	-7692.164695	0.03348
LOC409863	-2787.524084	-2787.524084	0
LOC409900	-2511.296806	-2511.296806	0
LOC409905	-7205.158264	-7205.158264	0
LOC409909	-4057.383570	-4057.383570	0
LOC409910	-1749.489920	-1749.489927	-1.4e-05
LOC409911	-6221.155506	-6221.155506	0
LOC409920	-1198.586629	-1198.398543	0.376172
LOC409924	-5834.024736	-5834.024736	0
LOC409925	-1961.403495	-1961.403495	0
LOC409928	-9801.395270	-9798.501746	5.78705
LOC409930	-2422.732468	-2422.732468	0
LOC409941	-10075.059196	-10075.059196	0
LOC409945	-6608.565193	-6608.565194	-2e-06
LOC409976	-3427.857370	-3426.887612	1.93952
LOC410039	-5380.312069	-5378.990600	2.64294
LOC410055	-3524.173773	-3524.170152	0.007242
LOC410059	-5606.187681	-5606.041586	0.29219
LOC410087	-3984.385173	-3983.874399	1.02155
LOC410091	-4573.141581	-4572.944333	0.394496
LOC410097	-17923.409873	-17922.444509	1.93073
LOC410105	-6457.878339	-6457.878339	0
LOC410107	-8866.165444	-8866.165442	4e-06
LOC410118	-6282.215850	-6282.215850	0
LOC410155	-4.813935	-4.813935	0
LOC410157	-1649.285728	-1649.285728	0
LOC410159	-16592.001645	-16592.001645	0
LOC410172	-5755.311026	-5755.311026	0
LOC410183	-19185.772789	-19185.772789	0
LOC410241	-1791.679326	-1791.679326	0
LOC410257	-4610.092481	-4608.741626	2.70171
LOC410270	-7508.812527	-7508.771749	0.081556
LOC410283	-3338.916195	-3338.916195	0
LOC410286	-10662.534836	-10662.534836	0
LOC410289	-10185.060753	-10185.060753	0
LOC410337	-11376.405739	-11376.405739	0
LOC410338	-4591.568242	-4591.568242	0
LOC410371	-12233.298103	-12232.575658	1.44489
LOC410376	-3836.988904	-3836.988904	0
LOC410379	-11920.747466	-11920.747466	0
LOC410383	-7112.772343	-7112.772343	0
LOC410395	-1772.896958	-1772.896958	0
LOC410414	-11960.457101	-11960.456862	0.000478
LOC410420	-3307.826826	-3307.826826	0
LOC410451	-8134.184825	-8134.184825	0
LOC410456	-4976.688570	-4976.688570	0
LOC410470	-5482.898539	-5482.898404	0.00027
LOC410484	-10042.179826	-10040.583743	3.19217
LOC410485	-11480.881072	-11480.644020	0.474104
LOC410510	-11032.512751	-11032.304021	0.41746
LOC410512	-4898.080760	-4898.080760	0
LOC410525	-1721.198644	-1721.198644	0
LOC410538	-10300.905233	-10300.905233	0
LOC410542	-6071.023474	-6071.023474	0
LOC410550	-8436.657348	-8436.657348	0
LOC410561	-2759.569098	-2759.569098	0
LOC410571	-16241.387645	-16239.617726	3.53984
LOC410575	-3898.225487	-3896.749133	2.95271
LOC410577	-2901.290666	-2901.290666	0
LOC410583	-6367.041829	-6367.035691	0.012276
LOC410585	-21778.157434	-21778.157434	0
LOC410618	-5969.238677	-5969.238677	0
LOC410630	-14516.874008	-14516.874008	0
LOC410636	-1938.816093	-1938.816093	0
LOC410663	-1725.620433	-1725.450282	0.340302
LOC410664	-9264.634532	-9264.634532	0
LOC410719	-5096.422644	-5096.422644	0
LOC410732	-5472.040640	-5472.040640	0
LOC410811	-9057.470425	-9057.470425	0
LOC410812	-2064.839012	-2064.839012	0
LOC410821	-3495.539757	-3493.817554	3.44441
LOC410837	-2914.143762	-2911.976535	4.33445
LOC410860	-3836.834834	-3836.812029	0.04561
LOC410879	-6016.284542	-6016.284542	0
LOC410907	-5260.590168	-5260.479679	0.220978
LOC410911	-5909.758966	-5909.758966	0
LOC410938	-6619.010201	-6619.010201	0
LOC410940	-19496.473470	-19496.473470	0
LOC410943	-3823.281068	-3823.281068	0
LOC410952	-4535.154628	-4535.154628	0
LOC410969	-2263.343292	-2263.239871	0.206842
LOC410973	-1734.051655	-1734.051655	0
LOC410985	-3802.884876	-3802.884876	0
LOC411043	-7237.731515	-7237.731502	2.6e-05
LOC411048	-2873.584233	-2873.584233	0
LOC411054	-6097.485791	-6097.485791	0
LOC411070	-14449.467057	-14449.467057	0
LOC411088	-2119.727751	-2119.727751	0
LOC411100	-4163.051033	-4163.051033	0
LOC411115	-41774.652149	-41774.652151	-4e-06
LOC411147	-9623.877938	-9623.877937	2e-06
LOC411148	-6837.031747	-6837.031340	0.000814
LOC411163	-6435.057278	-6434.135110	1.84434
LOC411164	-5705.477151	-5705.477151	0
LOC411167	-7825.316499	-7825.316499	0
LOC411188	-5934.631595	-5934.613708	0.035774
LOC411191	-2118.989134	-2118.989134	0
LOC411214	-4468.948008	-4467.508662	2.87869
LOC411233	-10186.487158	-10186.485364	0.003588
LOC411249	-13787.470299	-13787.470299	0
LOC411260	-1234.409221	-1234.409221	0
LOC411261	-10242.914328	-10242.914328	0
LOC411270	-9293.906067	-9293.904603	0.002928
LOC411288	-4607.691470	-4607.691470	0
LOC411295	-2903.370437	-2903.370437	0
LOC411306	-4866.131387	-4866.131387	0
LOC411335	-2945.985450	-2945.723151	0.524598
LOC411347	-2001.499948	-1998.590819	5.81826
LOC411365	-3112.382520	-3112.382520	0
LOC411391	-3575.872703	-3575.872703	0
LOC411404	-5962.186749	-5962.186749	0
LOC411408	-2551.145037	-2551.145037	0
LOC411447	-7533.711018	-7533.697318	0.0274
LOC411458	-6773.027185	-6773.027185	0
LOC411473	-8587.752828	-8587.752828	0
LOC411474	-21669.577652	-21669.577652	0
LOC411490	-7372.420421	-7372.420421	0
LOC411509	-4233.694133	-4233.694133	0
LOC411510	-4690.048020	-4690.045707	0.004626
LOC411519	-5561.973022	-5561.973022	0
LOC411524	-2758.308742	-2758.146656	0.324172
LOC411540	-8584.086276	-8584.086276	0
LOC411545	-11278.068967	-11278.051197	0.03554
LOC411552	-4241.726525	-4241.243465	0.96612
LOC411564	-14037.285877	-14036.803401	0.964952
LOC411566	-14218.741286	-14218.741286	0
LOC411633	-4616.457260	-4616.457260	0
LOC411639	-48647.779217	-48647.779217	0
LOC411654	-4248.369841	-4248.369841	0
LOC411665	-3356.066972	-3355.767918	0.598108
LOC411698	-4875.039687	-4875.039687	0
LOC411699	-12850.591769	-12850.275392	0.632754
LOC411719	-5303.904943	-5303.904943	0
LOC411722	-4601.216757	-4601.216757	0
LOC411724	-14210.315529	-14210.315529	0
LOC411730	-11619.963040	-11619.926329	0.073422
LOC411731	-10041.535959	-10041.535959	0
LOC411732	-2910.670586	-2910.670586	0
LOC411789	-2794.346764	-2794.346764	0
LOC411794	-6350.083317	-6350.083315	4e-06
LOC411799	-7238.407022	-7238.407022	0
LOC411839	-6515.429681	-6515.361130	0.137102
LOC411856	-3808.335682	-3808.335682	0
LOC411875	-6720.417042	-6719.997856	0.838372
LOC411892	-4104.710282	-4104.710282	0
LOC411904	-10910.615636	-10910.615636	0
LOC411906	-13909.676495	-13909.676495	0
LOC411915	-4485.110132	-4485.060727	0.09881
LOC411923	-13353.559557	-13353.256652	0.60581
LOC411972	-5823.174311	-5823.174311	0
LOC411980	-7731.394003	-7731.394003	0
LOC411982	-3156.123898	-3155.497938	1.25192
LOC411985	-16611.578617	-16611.578617	0
LOC412003	-9399.065013	-9399.065013	0
LOC412005	-4695.427631	-4695.427631	0
LOC412018	-8722.200548	-8721.203198	1.9947
LOC412024	-3830.779015	-3830.779015	0
LOC412025	-9392.413864	-9392.413864	0
LOC412027	-5533.427360	-5533.296615	0.26149
LOC412030	-1638.074702	-1638.074702	0
LOC412046	-22700.555857	-22700.180276	0.751162
LOC412064	-2906.700604	-2906.700604	0
LOC412069	-6731.416622	-6731.405950	0.021344
LOC412082	-3647.368749	-3647.357531	0.022436
LOC412097	-12673.044610	-12668.324948	9.43932
LOC412115	-11941.216984	-11941.216984	0
LOC412148	-2795.475262	-2794.202496	2.54553
LOC412150	-11132.063783	-11132.063783	0
LOC412167	-11463.174554	-11458.643024	9.06306
LOC412177	-7314.021200	-7314.021200	0
LOC412195	-6473.548647	-6473.548647	0
LOC412198	-22083.449277	-22083.449277	0
LOC412200	-9275.539134	-9275.539134	0
LOC412232	-4359.011480	-4359.011480	0
LOC412235	-4099.584528	-4099.584528	0
LOC412245	-6787.856967	-6787.856967	0
LOC412247	-4529.025065	-4529.025065	0
LOC412263	-13181.231127	-13181.231127	0
LOC412276	-3721.476903	-3721.476903	0
LOC412277	-5278.940365	-5278.499021	0.882688
LOC412278	-20038.602554	-20038.602554	0
LOC412282	-16566.002320	-16566.002320	0
LOC412287	-6898.835999	-6898.835999	0
LOC412294	-4677.785873	-4677.785873	0
LOC412303	-3562.303929	-3562.303929	0
LOC412332	-15631.027579	-15631.027579	0
LOC412339	-3668.567860	-3668.567860	0
LOC412348	-2783.980460	-2783.980460	0
LOC412366	-4188.821202	-4188.821202	0
LOC412378	-3228.625758	-3228.625758	0
LOC412410	-7217.614980	-7217.614980	0
LOC412422	-20051.661700	-20051.661700	0
LOC412423	-5522.454440	-5522.454440	0
LOC412467	-7127.041736	-7126.517971	1.04753
LOC412470	-6923.494451	-6923.494451	0
LOC412526	-4473.247921	-4473.135908	0.224026
LOC412540	-6655.914727	-6655.914727	0
LOC412547	-1364.990916	-1364.990916	0
LOC412554	-3050.019735	-3050.019735	0
LOC412563	-6247.445168	-6247.445168	0
LOC412573	-6791.707328	-6791.707327	2e-06
LOC412578	-2034.067953	-2034.067953	0
LOC412580	-7026.998171	-7026.998171	0
LOC412598	-4695.955317	-4695.955317	0
LOC412612	-5358.477171	-5358.477171	0
LOC412619	-5596.858406	-5596.858406	0
LOC412623	-13040.945807	-13040.413033	1.06555
LOC412624	-9644.904946	-9644.891140	0.027612
LOC412647	-4441.650874	-4441.650874	0
LOC412670	-6010.409448	-6010.313045	0.192806
LOC412675	-5426.595424	-5426.595230	0.000388
LOC412687	-5088.767651	-5088.241043	1.05322
LOC412690	-4614.246130	-4614.246130	0
LOC412750	-12137.739090	-12137.739090	0
LOC412762	-4392.186130	-4392.186130	0
LOC412810	-13659.687818	-13659.687818	0
LOC412816	-3358.709834	-3358.709834	0
LOC412851	-4283.961337	-4283.961337	0
LOC412870	-1230.050148	-1230.050148	0
LOC412878	-21354.154958	-21354.154958	0
LOC412889	-5897.159715	-5897.159715	0
LOC412931	-6693.628613	-6689.829192	7.59884
LOC412933	-4704.734310	-4704.712865	0.04289
LOC412950	-9959.710114	-9959.437786	0.544656
LOC412956	-5086.250252	-5086.250249	6e-06
LOC413006	-3937.283940	-3937.283940	0
LOC413011	-6537.921082	-6537.921082	0
LOC413030	-3243.880935	-3243.880935	0
LOC413032	-10860.076126	-10860.076126	0
LOC413065	-3367.682081	-3367.188623	0.986916
LOC413074	-15813.063013	-15813.052558	0.02091
LOC413087	-9258.411585	-9258.411585	0
LOC413101	-5153.408355	-5153.291309	0.234092
LOC413106	-8412.184373	-8412.184373	0
LOC413110	-2357.528979	-2357.528979	0
LOC413119	-9903.968447	-9903.968447	0
LOC413126	-7983.720597	-7983.720597	0
LOC413133	-4609.204242	-4609.194196	0.020092
LOC413153	-6796.046080	-6796.046080	0
LOC413179	-2623.195158	-2623.195158	0
LOC413194	-6045.123898	-6043.110654	4.02649
LOC413196	-3025.283895	-3025.283895	0
LOC413208	-7432.083290	-7432.083290	0
LOC413228	-7183.092530	-7183.065359	0.054342
LOC413233	-9520.288862	-9520.288862	0
LOC413240	-2590.129582	-2590.129582	0
LOC413242	-9225.359256	-9225.359256	0
LOC413246	-1774.011555	-1774.011555	0
LOC413250	-8335.367819	-8335.367829	-2e-05
LOC413271	-6056.316762	-6056.316762	0
LOC413275	-3470.825120	-3470.825120	0
LOC413297	-3440.755141	-3440.755141	0
LOC413305	-8377.170760	-8368.686514	16.9685
LOC413365	-4213.459076	-4213.459076	0
LOC413383	-3960.432888	-3960.051453	0.76287
LOC413389	-7715.590729	-7715.590729	0
LOC413394	-2011.849152	-2011.849152	0
LOC413411	-8656.878732	-8656.026066	1.70533
LOC413430	-5810.983391	-5809.753199	2.46038
LOC413489	-6379.458203	-6379.390633	0.13514
LOC413495	-3062.591673	-3062.591673	0
LOC413510	-16192.253932	-16192.253932	0
LOC413520	-3290.549850	-3290.549850	0
LOC413529	-6610.682884	-6610.682884	0
LOC413534	-5884.977866	-5884.977866	0
LOC413542	-14151.087459	-14151.087459	0
LOC413544	-7349.231482	-7349.231482	0
LOC413567	-4582.632833	-4581.770490	1.72469
LOC413573	-3467.598842	-3467.598842	0
LOC413575	-10361.226345	-10361.019759	0.413172
LOC413576	-8643.186568	-8643.186568	0
LOC413579	-6943.291951	-6943.291951	0
LOC413583	-5832.552142	-5832.552142	0
LOC413601	-3136.807517	-3136.807517	0
LOC413614	-1777.958697	-1777.958697	0
LOC413619	-2281.421920	-2281.421920	0
LOC413643	-5604.022611	-5604.022611	0
LOC413668	-9637.778847	-9637.650950	0.255794
LOC413672	-8877.050333	-8876.809737	0.481192
LOC413678	-6230.088124	-6230.088124	0
LOC413688	-6367.210393	-6367.210383	2e-05
LOC413699	-6574.447026	-6574.447026	0
LOC413713	-9222.049446	-9222.049446	0
LOC413736	-6734.536659	-6734.528726	0.015866
LOC413742	-8691.134156	-8691.134156	0
LOC413772	-6426.361352	-6426.256354	0.209996
LOC413782	-10209.817858	-10209.817858	0
LOC413796	-13442.905225	-13442.685534	0.439382
LOC413815	-5052.293411	-5047.253326	10.0802
LOC413827	-3051.884675	-3051.884675	0
LOC413854	-10444.954499	-10444.667139	0.57472
LOC413873	-19745.657783	-19744.688167	1.93923
LOC413878	-7962.724490	-7962.715000	0.01898
LOC413881	-1661.599412	-1661.599412	0
LOC413889	-4365.034547	-4365.034547	0
LOC413909	-6453.677438	-6453.401105	0.552666
LOC413914	-3645.241533	-3645.241533	0
LOC413916	-3320.886423	-3320.886423	0
LOC413917	-7410.663534	-7410.661247	0.004574
LOC413950	-12383.236377	-12383.236377	0
LOC413976	-2371.323356	-2371.240658	0.165396
LOC413987	-6248.243443	-6248.217891	0.051104
LOC414009	-7149.099244	-7149.099244	0
LOC414027	-1934.491589	-1934.491589	0
LOC414035	-3399.278645	-3394.671361	9.21457
LOC414039	-1059.408604	-1059.408604	0
LOC494509	-4059.181432	-4059.181432	0
LOC550659	-4024.748887	-4024.699733	0.098308
LOC550695	-7816.242443	-7816.242443	0
LOC550701	-4189.239468	-4189.239468	0
LOC550710	-2253.958536	-2253.958536	0
LOC550716	-16244.602489	-16244.591092	0.022794
LOC550767	-3205.358499	-3205.355805	0.005388
LOC550780	-3220.195296	-3219.993609	0.403374
LOC550789	-4124.330686	-4122.509961	3.64145
LOC550804	-8601.262675	-8601.262675	0
LOC550829	-21939.613681	-21938.642641	1.94208
LOC550834	-817.656948	-817.656948	0
LOC550869	-6650.329175	-6650.329175	0
LOC550881	-2534.899083	-2534.899083	0
LOC550884	-6812.078971	-6812.078971	0
LOC550885	-6906.972151	-6906.972151	0
LOC550901	-4659.488970	-4659.488970	0
LOC550903	-10070.287431	-10070.287431	0
LOC550955	-3014.262333	-3014.139735	0.245196
LOC550970	-2253.395362	-2252.099071	2.59258
LOC550998	-3085.364803	-3085.364803	0
LOC551009	-7264.957283	-7264.957283	0
LOC551012	-7926.785803	-7926.449395	0.672816
LOC551036	-4706.816810	-4706.816810	0
LOC551042	-2721.742424	-2717.287543	8.90976
LOC551057	-3200.020104	-3200.020104	0
LOC551088	-5542.549012	-5542.549012	0
LOC551093	-7050.960861	-7050.960861	0
LOC551100	-3021.537121	-3021.537121	0
LOC551114	-2324.686846	-2324.686846	0
LOC551116	-3516.769405	-3514.633500	4.27181
LOC551133	-4735.253661	-4735.253661	0
LOC551177	-1930.592268	-1930.592268	0
LOC551194	-6824.795751	-6824.795751	0
LOC551198	-3718.029783	-3718.029783	0
LOC551207	-9931.290525	-9931.290525	0
LOC551208	-4439.346070	-4439.346070	0
LOC551212	-8440.093160	-8440.084256	0.017808
LOC551219	-7523.593810	-7523.593810	0
LOC551231	-4947.755895	-4947.381585	0.74862
LOC551248	-1833.145427	-1833.145427	0
LOC551276	-6594.676946	-6594.676946	0
LOC551290	-5727.551887	-5727.406257	0.29126
LOC551304	-616.770521	-616.770521	0
LOC551314	-10205.556494	-10205.556494	0
LOC551324	-5243.821875	-5243.821875	0
LOC551353	-2673.199093	-2673.199093	0
LOC551364	-5752.885518	-5752.885518	0
LOC551379	-6007.069028	-6006.516306	1.10544
LOC551381	-1153.788197	-1153.788197	0
LOC551384	-4593.188368	-4593.188368	0
LOC551392	-5839.817738	-5839.315458	1.00456
LOC551395	-6402.714567	-6402.714567	0
LOC551398	-14739.518775	-14739.518775	0
LOC551405	-6987.575549	-6987.571924	0.00725
LOC551413	-2005.636037	-2005.636037	0
LOC551414	-4312.683722	-4311.281917	2.80361
LOC551416	-6699.128652	-6698.456299	1.34471
LOC551425	-12972.936044	-12972.936044	0
LOC551426	-4222.490713	-4219.844394	5.29264
LOC551435	-7484.884850	-7484.884850	0
LOC551439	-4173.871492	-4173.697052	0.34888
LOC551441	-3473.333145	-3473.333145	0
LOC551445	-3839.702798	-3839.702798	0
LOC551447	-5442.931030	-5442.003158	1.85574
LOC551448	-3110.713180	-3110.713180	0
LOC551452	-4862.720725	-4862.258483	0.924484
LOC551457	-4512.890408	-4512.890408	0
LOC551467	-4963.294981	-4963.294981	0
LOC551484	-8676.970589	-8676.970589	0
LOC551500	-12791.978284	-12791.978284	0
LOC551501	-2174.829876	-2174.829876	0
LOC551517	-5424.133804	-5424.105288	0.057032
LOC551530	-22899.097167	-22899.107768	-0.021202
LOC551549	-6422.018066	-6419.499992	5.03615
LOC551554	-1774.853980	-1774.853980	0
LOC551578	-9706.145919	-9706.145919	0
LOC551581	-6620.501573	-6620.501573	0
LOC551589	-2400.318783	-2400.318783	0
LOC551602	-7255.728684	-7255.728684	0
LOC551603	-2249.962729	-2249.962729	0
LOC551607	-1222.312611	-1222.312609	4e-06
LOC551608	-5542.024133	-5542.024133	0
LOC551618	-6349.411615	-6349.377945	0.06734
LOC551619	-11126.960385	-11126.960385	0
LOC551629	-16517.354849	-16517.354787	0.000124
LOC551631	-8648.418426	-8648.418426	0
LOC551642	-5156.400430	-5155.956480	0.8879
LOC551662	-3115.550891	-3115.550891	0
LOC551664	-4228.850439	-4228.850439	0
LOC551668	-12719.943471	-12719.943471	0
LOC551679	-2571.225967	-2571.225967	0
LOC551683	-4678.700894	-4678.700894	0
LOC551695	-774.844427	-774.844427	0
LOC551699	-5560.253584	-5560.253584	0
LOC551709	-13617.741242	-13617.741242	0
LOC551712	-6054.850884	-6054.850884	0
LOC551721	-5469.215878	-5469.215878	0
LOC551732	-4438.567244	-4438.562817	0.008854
LOC551749	-8039.229945	-8039.229890	0.00011
LOC551753	-18540.641411	-18540.641411	0
LOC551755	-1413.368783	-1413.368783	0
LOC551757	-2041.507797	-2041.507797	0
LOC551794	-2250.985005	-2248.287085	5.39584
LOC551806	-4522.432118	-4522.432118	0
LOC551815	-5100.188462	-5100.188462	0
LOC551817	-1586.059216	-1586.059216	0
LOC551819	-5327.652569	-5327.611830	0.081478
LOC551827	-4300.964363	-4300.964363	0
LOC551847	-4568.093464	-4568.093464	0
LOC551872	-3586.226730	-3586.226730	0
LOC551882	-2996.434512	-2995.979251	0.910522
LOC551890	-5385.439785	-5384.914752	1.05007
LOC551892	-3562.209982	-3562.209982	0
LOC551898	-1354.518177	-1354.518177	0
LOC551912	-1038.881538	-1038.881538	0
LOC551922	-2206.428598	-2206.428598	0
LOC551952	-3786.478984	-3786.478794	0.00038
LOC551961	-1620.439312	-1620.439312	0
LOC551962	-2940.736147	-2940.736147	0
LOC551964	-7892.967795	-7892.967795	0
LOC551969	-7051.316395	-7051.215277	0.202236
LOC551970	-15406.167308	-15406.167308	0
LOC551972	-5728.352934	-5728.313441	0.078986
LOC551980	-3298.724010	-3298.724010	0
LOC551982	-2492.271673	-2492.271673	0
LOC551986	-4592.009608	-4592.009608	0
LOC552000	-2610.813990	-2610.803849	0.020282
LOC552003	-3051.199184	-3051.199184	0
LOC552009	-3764.512743	-3760.994839	7.03581
LOC552036	-5938.084327	-5938.084327	0
LOC552043	-3828.410409	-3828.410409	0
LOC552051	-3769.833189	-3769.765253	0.135872
LOC552056	-6036.118170	-6036.118170	0
LOC552062	-5449.811004	-5449.811004	0
LOC552091	-4495.012103	-4494.240578	1.54305
LOC552093	-3923.650206	-3923.650206	0
LOC552095	-16141.747482	-16141.747482	0
LOC552124	-3112.807281	-3112.807281	0
LOC552138	-1834.533773	-1834.533773	0
LOC552139	-3882.909767	-3882.909767	0
LOC552141	-3434.614368	-3434.614260	0.000216
LOC552144	-6868.521509	-6868.521509	0
LOC552145	-2052.468521	-2052.457353	0.022336
LOC552150	-4887.305383	-4887.305383	0
LOC552156	-6458.240502	-6458.239401	0.002202
LOC552161	-1454.289949	-1454.289949	0
LOC552163	-5991.175781	-5990.280421	1.79072
LOC552180	-1769.472013	-1769.471992	4.2e-05
LOC552181	-3410.914312	-3410.857161	0.114302
LOC552191	-4869.397455	-4869.300606	0.193698
LOC552194	-6185.008891	-6184.970499	0.076784
LOC552196	-2464.107927	-2463.847670	0.520514
LOC552197	-4252.212395	-4252.212395	0
LOC552204	-1886.473393	-1886.473393	0
LOC552213	-2023.500783	-2022.846918	1.30773
LOC552237	-2364.423877	-2362.747569	3.35262
LOC552245	-8771.270940	-8770.280086	1.98171
LOC552246	-4614.658509	-4614.658509	0
LOC552247	-9218.395725	-9218.395725	0
LOC552249	-18838.648688	-18838.648688	0
LOC552254	-5440.298514	-5440.298514	0
LOC552263	-4093.532801	-4093.525638	0.014326
LOC552278	-4537.856298	-4537.856298	0
LOC552283	-3852.634350	-3852.634350	0
LOC552315	-3617.005325	-3616.999572	0.011506
LOC552327	-4882.195070	-4882.195070	0
LOC552348	-2189.043533	-2189.043533	0
LOC552353	-1855.926277	-1855.329360	1.19383
LOC552377	-4743.361916	-4743.361916	0
LOC552392	-5092.818944	-5092.818944	0
LOC552398	-4582.742482	-4582.706562	0.07184
LOC552403	-1387.397280	-1387.389821	0.014918
LOC552410	-1337.484059	-1337.484059	0
LOC552413	-3971.542816	-3971.542816	0
LOC552417	-7238.293578	-7238.293578	0
LOC552419	-2044.725229	-2044.725229	0
LOC552424	-3303.268646	-3299.486332	7.56463
LOC552426	-2634.798102	-2634.783995	0.028214
LOC552432	-5854.727948	-5854.727948	0
LOC552441	-2882.783491	-2880.750858	4.06527
LOC552443	-2459.606690	-2459.606690	0
LOC552449	-2504.983924	-2504.839677	0.288494
LOC552451	-4832.647033	-4832.647033	0
LOC552455	-7507.508816	-7507.508005	0.001622
LOC552460	-1444.308775	-1444.308775	0
LOC552476	-1291.053818	-1291.053818	0
LOC552479	-9832.481632	-9832.481632	0
LOC552485	-5727.883840	-5727.883840	0
LOC552488	-5058.312814	-5058.069358	0.486912
LOC552495	-10442.782700	-10441.629696	2.30601
LOC552496	-9496.172304	-9495.719948	0.904712
LOC552501	-1707.700006	-1707.700006	0
LOC552510	-7505.947666	-7505.737815	0.419702
LOC552511	-3714.351685	-3714.351685	0
LOC552516	-3836.633919	-3836.633919	0
LOC552520	-4010.509596	-4010.509596	0
LOC552522	-7293.192428	-7293.192428	0
LOC552528	-8221.396692	-8221.396692	0
LOC552529	-1442.897344	-1442.897344	0
LOC552531	-1156.392960	-1156.007088	0.771744
LOC552533	-6644.378599	-6644.378599	0
LOC552549	-5874.687886	-5874.496153	0.383466
LOC552551	-1412.815902	-1412.815902	0
LOC552562	-5279.212976	-5278.671909	1.08213
LOC552566	-6584.671858	-6584.671858	0
LOC552571	-7718.200017	-7718.188359	0.023316
LOC552590	-4497.743448	-4497.743448	0
LOC552592	-7850.616659	-7850.601310	0.030698
LOC552599	-1710.369487	-1710.369487	0
LOC552607	-3788.726691	-3788.726691	0
LOC552641	-5469.599806	-5469.528140	0.143332
LOC552643	-9168.451029	-9165.593789	5.71448
LOC552654	-2662.124546	-2662.124546	0
LOC552656	-6493.227954	-6493.227954	0
LOC552658	-12950.897144	-12950.897144	0
LOC552662	-5086.012220	-5083.893278	4.23788
LOC552674	-12020.283449	-12017.503967	5.55896
LOC552686	-2401.361332	-2401.361332	0
LOC552688	-3352.851410	-3352.851410	0
LOC552696	-5000.186759	-5000.186759	0
LOC552715	-3718.026177	-3718.026177	0
LOC552719	-1352.176856	-1352.176856	0
LOC552720	-2773.276804	-2773.276234	0.00114
LOC552721	-2723.526110	-2721.275879	4.50046
LOC552723	-6981.410467	-6981.410467	0
LOC552725	-7219.506176	-7219.506176	0
LOC552730	-1986.308304	-1986.002119	0.61237
LOC552734	-3613.920663	-3613.908917	0.023492
LOC552745	-5318.414546	-5318.142319	0.544454
LOC552747	-8788.112475	-8788.112475	0
LOC552748	-5417.651904	-5417.651904	0
LOC552756	-5466.086806	-5466.086806	0
LOC552766	-5316.871747	-5316.871747	0
LOC552769	-3740.654780	-3740.654780	0
LOC552772	-1496.620108	-1496.620108	0
LOC552776	-7489.147017	-7489.074746	0.144542
LOC552779	-1772.783965	-1772.783965	0
LOC552787	-10204.115051	-10203.970270	0.289562
LOC552794	-14944.865140	-14944.495136	0.740008
LOC552797	-3948.754186	-3948.754186	0
LOC552802	-1565.417697	-1565.417697	0
LOC552804	-5434.056127	-5434.028728	0.054798
LOC552807	-1732.071373	-1732.071373	0
LOC552827	-649.292971	-649.292971	0
LOC552832	-4640.606831	-4640.606831	0
LOC552839			0
LOC724169	-2671.673599	-2671.673599	0
LOC724170	-5173.232908	-5173.232908	0
LOC724188	-1179.722433	-1179.502067	0.440732
LOC724215	-19316.310911	-19316.070545	0.480732
LOC724216	-4452.988856	-4452.887435	0.202842
LOC724218	-4693.640429	-4693.640429	0
LOC724239	-5510.947060	-5510.947060	0
LOC724241	-1179.236345	-1178.845425	0.78184
LOC724247	-7257.085740	-7256.952080	0.26732
LOC724256	-2895.242212	-2895.181124	0.122176
LOC724291	-5070.862306	-5070.862306	0
LOC724292	-5271.387113	-5271.095086	0.584054
LOC724296	-9723.982168	-9723.982168	0
LOC724303	-1605.870874	-1600.728180	10.2854
LOC724323	-4952.085313	-4952.081897	0.006832
LOC724339	-7436.770295	-7436.770295	0
LOC724341	-3285.381610	-3285.083678	0.595864
LOC724343	-1742.921557	-1742.921557	0
LOC724350	-2653.155528	-2653.155528	0
LOC724365	-1522.771481	-1522.771481	0
LOC724366	-1865.377902	-1865.377902	0
LOC724386	-3058.777878	-3053.730289	10.0952
LOC724407	-174.987996	-174.987996	0
LOC724408	-1514.739114	-1514.739114	0
LOC724423	-25715.588114	-25715.588114	0
LOC724432	-4442.130458	-4436.416008	11.4289
LOC724443	-4991.435957	-4991.410500	0.050914
LOC724486	-1577.811216	-1577.811216	0
LOC724488	-3320.427829	-3320.427829	0
LOC724496	-6303.647140	-6303.647140	0
LOC724510	-13884.837151	-13884.837151	0
LOC724533	-1635.691831	-1635.691831	0
LOC724542	-9426.626936	-9426.120902	1.01207
LOC724625	-693.014415	-693.014415	0
LOC724630	-1304.071454	-1304.071454	0
LOC724648	-2501.380828	-2501.380828	0
LOC724654	-1839.268654	-1839.268654	0
LOC724656	-11827.307352	-11827.256532	0.10164
LOC724700	-5582.890181	-5582.890181	0
LOC724703	-8126.963262	-8126.963262	0
LOC724704	-5423.795086	-5423.795086	0
LOC724710	-3300.089326	-3300.089326	0
LOC724741	-9701.631082	-9701.631082	0
LOC724742	-4390.251037	-4390.205205	0.091664
LOC724769	-1441.012067	-1441.012063	8e-06
LOC724786	-1658.351657	-1658.351171	0.000972
LOC724790	-3185.953303	-3185.943312	0.019982
LOC724794	-1300.948335	-1300.948335	0
LOC724798	-5221.978711	-5221.976983	0.003456
LOC724809	-9253.117845	-9252.554774	1.12614
LOC724827	-2957.309858	-2957.309858	0
LOC724863	-8312.162719	-8312.162719	0
LOC724865	-13063.737544	-13063.551937	0.371214
LOC724885	-3007.755301	-3007.755301	0
LOC724888	-1163.770834	-1163.770834	0
LOC724891	-7419.915789	-7419.915789	0
LOC724896	-900.276911	-900.276911	0
LOC724926	-10593.521723	-10593.521723	0
LOC724930	-8432.834497	-8432.834497	0
LOC724932	-5570.055648	-5569.905625	0.300046
LOC724947	-3717.699058	-3717.699058	0
LOC724948	-10895.103778	-10895.103778	0
LOC724953	-2907.846484	-2907.846484	0
LOC724954	-1910.107239	-1910.107239	0
LOC725023	-5977.557039	-5977.158505	0.797068
LOC725026	-5286.914740	-5286.694920	0.43964
LOC725044	-5809.641391	-5807.793897	3.69499
LOC725055	-610.327915	-610.327915	0
LOC725111	-11571.985955	-11570.586120	2.79967
LOC725142	-937.014352	-937.014352	0
LOC725143	-4413.169674	-4413.169674	0
LOC725146	-4320.603881	-4320.603881	0
LOC725149	-12537.489144	-12537.489144	0
LOC725178	-8404.625177	-8404.488449	0.273456
LOC725184	-1251.605405	-1251.535278	0.140254
LOC725204	-4050.509692	-4050.146921	0.725542
LOC725216	-23584.514302	-23584.490484	0.047636
LOC725238	-4047.897024	-4047.268043	1.25796
LOC725240	-1341.077407	-1341.076823	0.001168
LOC725261	-1903.886975	-1903.886975	0
LOC725266	-1599.176280	-1599.176280	0
LOC725306	-25320.744864	-25320.744864	0
LOC725316	-1530.847079	-1530.847079	0
LOC725320	-9135.031508	-9135.031508	0
LOC725325	-6961.494322	-6961.295826	0.396992
LOC725330	-6684.618810	-6684.448268	0.341084
LOC725343	-7670.327335	-7670.327335	0
LOC725345	-1107.615207	-1107.615207	0
LOC725348	-5114.012392	-5114.012392	0
LOC725362	-3369.358175	-3369.358175	0
LOC725363	-4369.345732	-4369.345732	0
LOC725368	-5181.023619	-5181.023619	0
LOC725374	-2601.300693	-2601.294939	0.011508
LOC725388	-8549.060041	-8549.060041	0
LOC725416	-1614.246195	-1614.246195	0
LOC725459	-3230.728181	-3230.728181	0
LOC725477	-7615.440382	-7615.440382	0
LOC725478	-2649.567275	-2649.375608	0.383334
LOC725486	-10205.530916	-10205.530916	0
LOC725491	-2187.375550	-2187.375550	0
LOC725496	-5603.026009	-5601.332876	3.38627
LOC725505	-3032.881611	-3032.881611	0
LOC725512	-7064.918573	-7063.125033	3.58708
LOC725529	-3798.624128	-3798.624128	0
LOC725539	-7692.911785	-7690.676087	4.4714
LOC725551	-2733.286312	-2733.258117	0.05639
LOC725552	-9520.068352	-9520.068352	0
LOC725566	-1887.537196	-1887.537196	0
LOC725569	-4836.306977	-4836.306977	0
LOC725571	-5648.408832	-5648.408832	0
LOC725572	-1223.960716	-1223.960716	0
LOC725576	-8936.533850	-8935.455755	2.15619
LOC725603	-2560.823526	-2559.407532	2.83199
LOC725609	-852.022214	-852.022214	0
LOC725611	-20452.086487	-20452.069774	0.033426
LOC725612	-13449.738527	-13449.738527	0
LOC725628	-3090.961758	-3090.930165	0.063186
LOC725633	-1653.003008	-1653.003008	0
LOC725641	-1089.461614	-1089.461614	0
LOC725661	-7085.275263	-7085.275263	0
LOC725686	-929.313208	-929.313208	0
LOC725688	-2398.936189	-2398.926788	0.018802
LOC725690	-4182.804237	-4182.804237	0
LOC725701	-7080.232747	-7080.232747	0
LOC725705	-1294.908540	-1294.908540	0
LOC725719	-14071.225624	-14071.219294	0.01266
LOC725744	-2708.708848	-2708.708848	0
LOC725753	-3531.318602	-3531.318602	0
LOC725756	-6755.901876	-6755.901876	0
LOC725770	-9181.289754	-9181.289754	0
LOC725780	-4295.896079	-4295.896079	0
LOC725801	-4889.411756	-4889.411756	0
LOC725835	-1356.880935	-1356.880935	0
LOC725856	-1569.503077	-1569.503077	0
LOC725880	-784.867809	-784.867809	0
LOC725881	-3508.149178	-3507.407841	1.48267
LOC725896	-6163.540668	-6163.371542	0.338252
LOC725899	-5339.377010	-5339.377010	0
LOC725922	-7227.028477	-7227.013598	0.029758
LOC725942	-1797.129014	-1797.129014	0
LOC725947	-697.807639	-697.807639	0
LOC726002	-14670.251313	-14670.251313	0
LOC726015	-3667.644650	-3667.644445	0.00041
LOC726030	-9867.558819	-9867.232898	0.651842
LOC726040	-12601.918680	-12600.934276	1.96881
LOC726061	-1378.641327	-1378.641327	0
LOC726095	-4071.428478	-4070.924841	1.00727
LOC726102	-7506.414730	-7506.414730	0
LOC726118	-1705.403578	-1705.403578	0
LOC726131	-1224.592760	-1224.592760	0
LOC726163	-3001.094768	-3001.094768	0
LOC726164	-2462.501750	-2462.501750	0
LOC726167	-3204.978953	-3204.839754	0.278398
LOC726172	-4145.807960	-4145.807960	0
LOC726187	-9029.597256	-9029.597256	0
LOC726197	-2042.178181	-2042.178181	0
LOC726205	-3190.290792	-3190.268604	0.044376
LOC726212	-8575.680704	-8575.680704	0
LOC726221	-1609.010197	-1608.838055	0.344284
LOC726227	-6968.228341	-6968.228341	0
LOC726237	-3809.884742	-3809.646294	0.476896
LOC726239	-3946.136465	-3946.136465	0
LOC726240	-1815.098005	-1815.003700	0.18861
LOC726253	-2811.753837	-2811.749118	0.009438
LOC726255	-5105.544678	-5105.544678	0
LOC726289	-2495.129109	-2495.129109	0
LOC726302	-2535.089916	-2531.272908	7.63402
LOC726303	-3610.310771	-3610.310771	0
LOC726310	-12832.331788	-12832.003647	0.656282
LOC726315	-7354.667741	-7353.562634	2.21021
LOC726352	-3606.692099	-3606.692099	0
LOC726380	-4377.162446	-4377.162446	0
LOC726389	-5693.446830	-5693.446830	0
LOC726409	-1904.633285	-1904.633285	0
LOC726414	-11941.632318	-11941.508966	0.246704
LOC726418	-6018.831064	-6018.831064	0
LOC726428	-2625.970720	-2625.748350	0.44474
LOC726497	-27787.078420	-27787.078420	0
LOC726498	-1527.733158	-1527.733158	0
LOC726500	-1419.076643	-1419.076643	0
LOC726540	-15841.609052	-15841.282858	0.652388
LOC726562	-8077.772280	-8077.527483	0.489594
LOC726579	-8547.217356	-8547.217356	0
LOC726583	-10075.780528	-10075.504749	0.551558
LOC726609	-1844.782869	-1844.782869	0
LOC726626	-2254.017089	-2253.059955	1.91427
LOC726637	-9592.917668	-9592.917668	0
LOC726666	-915.566083	-915.566082	2e-06
LOC726720	-1800.770985	-1800.764314	0.013342
LOC726721	-686.181886	-686.181886	0
LOC726742	-13841.097546	-13840.929235	0.336622
LOC726747	-1753.873754	-1750.559426	6.62866
LOC726754	-4803.779898	-4803.358598	0.8426
LOC726760	-8978.274375	-8977.087858	2.37303
LOC726800	-4907.271762	-4907.271762	0
LOC726811	-4439.691212	-4439.691212	0
LOC726812	-6194.576836	-6192.705925	3.74182
LOC726822	-2817.509751	-2817.509751	0
LOC726826	-5687.253915	-5687.253915	0
LOC726850	-1873.371306	-1873.067790	0.607032
LOC726869	-7608.482147	-7608.482147	0
LOC726872	-2536.548186	-2536.548186	0
LOC726887	-3261.717166	-3261.717166	0
LOC726890	-4039.507480	-4039.507480	0
LOC726923	-1197.805199	-1197.805199	0
LOC726928	-12038.474963	-12038.474963	0
LOC726947	-7489.703129	-7481.361469	16.6833
LOC726958	-2624.929267	-2624.929267	0
LOC726983	-7621.433328	-7621.163907	0.538842
LOC726999	-3885.986226	-3885.986226	0
LOC727004	-2392.276802	-2391.966812	0.61998
LOC727009	-9841.618516	-9841.618516	0
LOC727022	-8899.220733	-8899.185622	0.070222
LOC727025	-589.044256	-589.044256	0
LOC727027	-8373.842541	-8373.024919	1.63524
LOC727048	-3677.202907	-3677.093939	0.217936
LOC727116	-2539.875529	-2539.875529	0
LOC727122	-1115.911362	-1115.911362	0
LOC727146	-10202.013816	-10202.013816	0
LOC727186	-1443.893569	-1443.893569	0
LOC727229	-9269.497220	-9269.497220	0
LOC727237	-6713.197831	-6713.197831	0
LOC727238	-25792.091403	-25792.091403	0
LOC727299	-5623.640064	-5623.640064	0
LOC727303	-5358.136183	-5355.395013	5.48234
LOC727320	-7658.625072	-7658.094217	1.06171
LOC727378	-927.862433	-927.853522	0.017822
LOC727396	-14784.786077	-14784.786077	0
LOC727420	-4414.273506	-4414.273506	0
LOC727456	-269.517472	-268.603938	1.82707
LOC727495	-11492.938830	-11492.477753	0.922154
LOC727539	-3916.810606	-3916.810606	0
LOC727582	-4871.454045	-4871.380189	0.147712
LOC727622	-5672.302803	-5672.302803	0
LOC727634	-5946.161456	-5946.009992	0.302928
LOC727652	-17791.733710	-17791.733710	0
NOS	-14238.668818	-14238.668818	0
PGRP-S3	-2048.322271	-2046.752458	3.13963
Ppib	-2074.499574	-2074.499574	0
PPO	-8216.595185	-8211.588959	10.0125
Pten	-1746.415915	-1746.415915	0
Rnft2	-6016.819021	-6016.819021	0
RpL35	-1631.643467	-1631.643467	0
Smb	-1754.295330	-1754.295329	2e-06
Snf	-2314.056837	-2314.056837	0
STT3B	-7328.672768	-7328.672768	0
Tpi	-2707.225901	-2707.190526	0.07075
Tspan6	-4806.626787	-4805.912612	1.42835
Usp	-4582.078581	-4582.078581	0
Vg	-42684.026016	-42684.026016	0
Vha16	-1298.027822	-1298.027822	0
LOC102654146	-4540.697080	-4540.697080	0
LOC411083	-11621.015456	-11620.976340	0.078232
LOC411457	-5570.375550	-5570.163995	0.42311
LOC411796	-5311.488095	-5311.488095	0
LOC551837	-12242.968372	-12242.824436	0.287872
LOC551931	-3245.582220	-3245.582220	0
LOC726476	-4810.346686	-4810.344356	0.00466
