Gene	lnL_Null	lnL_Alt	LRT
Arp1	-3666.895157	-3666.895153	8e-06
B-gluc1	-8569.867848	-8569.867848	0
Cox6c	-1488.901464	-1488.901464	0
CPR14	-1855.649847	-1855.649847	0
CPR19	-3268.369538	-3268.242466	0.254144
CSP6	-1980.492021	-1980.492021	0
CytC	-1423.408358	-1423.408358	0
Dcr-1	-17140.612453	-17140.612453	0
Dl	-10531.140694	-10525.483471	11.3144
Dnmt3	-9953.402256	-9947.290952	12.2226
Ecr	-4687.473094	-4687.473094	0
egh	-5745.858350	-5745.858350	0
FAR1	-7137.827284	-7137.827284	0
Gat-1B	-7489.329107	-7489.329107	0
Gat-a	-7591.100997	-7591.100997	0
Gfat2	-9215.081440	-9215.081440	0
GlnS	-5420.692817	-5420.692817	0
GstD1	-4394.458503	-4394.426586	0.063834
GstS4	-3263.854625	-3263.854625	0
Imd	-4527.480450	-4527.409543	0.141814
Jtb	-8380.551788	-8380.551788	0
KAT2A	-9542.493775	-9542.493775	0
LOC100379261	-6101.626239	-6101.626239	0
LOC100576099	-2091.316196	-2089.614396	3.4036
LOC100576186	-7574.644412	-7568.835045	11.6187
LOC100576195	-1538.726887	-1538.726887	0
LOC100576337	-3442.070299	-3442.070299	0
LOC100576383	-6944.530825	-6944.530825	0
LOC100576411	-9063.574139	-9063.529770	0.088738
LOC100576527	-8835.866608	-8835.866608	0
LOC100576646	-3361.554338	-3361.554338	0
LOC100576649	-8764.961291	-8764.961291	0
LOC100576660	-9030.692665	-9030.692665	0
LOC100576742	-15597.122327	-15596.250184	1.74429
LOC100576795	-3887.284917	-3887.284917	0
LOC100576801	-3749.961293	-3749.961293	0
LOC100576818	-4872.530136	-4863.333221	18.3938
LOC100576819	-7688.369443	-7688.369443	0
LOC100576826	-3583.160871	-3583.160871	0
LOC100576862	-6294.254304	-6294.254304	0
LOC100577002	-8138.505027	-8138.505027	0
LOC100577019	-487.818240	-487.818240	0
LOC100577050	-8148.136908	-8148.136908	0
LOC100577053	-9030.960514	-9030.960514	0
LOC100577136	-5988.337266	-5987.645779	1.38297
LOC100577140	-8781.710073	-8781.409895	0.600356
LOC100577174	-18800.138379	-18800.138379	0
LOC100577196	-9775.506138	-9758.447755	34.1168
LOC100577401	-16692.738119	-16692.738119	0
LOC100577423	-5058.196706	-5058.049294	0.294824
LOC100577481	-7683.949677	-7683.684962	0.52943
LOC100577493	-9547.850147	-9545.656913	4.38647
LOC100577519			0
LOC100577687	-7338.776196	-7337.194556	3.16328
LOC100577690	-2328.074265	-2328.074265	0
LOC100577763	-37594.387112	-37594.387112	0
LOC100577764	-1764.959430	-1764.959430	0
LOC100577841	-4300.044092	-4300.041576	0.005032
LOC100577870	-1455.705703	-1455.705703	0
LOC100577972	-67394.396140	-67394.396140	0
LOC100578030	-5503.376248	-5503.366729	0.019038
LOC100578035	-3697.177808	-3697.177808	0
LOC100578071	-27457.467172	-27457.467172	0
LOC100578156	-4121.829587	-4121.829587	0
LOC100578168	-2228.421622	-2228.421622	0
LOC100578209	-4743.268746	-4743.268746	0
LOC100578215	-6355.017161	-6355.017159	4e-06
LOC100578235	-1919.008324	-1919.008324	0
LOC100578255	-23332.627905	-23332.583952	0.087906
LOC100578277	-1115.162905	-1112.626134	5.07354
LOC100578329	-9294.868513	-9294.842671	0.051684
LOC100578356	-19594.955585	-19594.955585	0
LOC100578380	-2961.027582	-2957.896236	6.26269
LOC100578433	-22943.608732	-22943.451951	0.313562
LOC100578450	-11515.890750	-11515.890749	2e-06
LOC100578537	-11219.017187	-11218.006020	2.02233
LOC100578560	-1644.726647	-1641.056075	7.34114
LOC100578586	-10980.314883	-10980.314883	0
LOC100578697	-2798.850758	-2798.850758	0
LOC100578725	-1133.930588	-1133.930588	0
LOC100578875	-4994.388249	-4994.279506	0.217486
LOC100578893	-11053.266450	-11053.266450	0
LOC102653793	-5578.406145	-5578.406145	0
LOC102653879	-4448.491829	-4446.935139	3.11338
LOC102653930	-1476.181804	-1476.181804	0
LOC102653951	-1985.255697	-1985.255068	0.001258
LOC102654014	-3590.849860	-3590.849860	0
LOC102654165	-4669.624400	-4663.502624	12.2436
LOC102654312	-5269.561221	-5269.561221	0
LOC102654349	-954.898702	-954.898702	0
LOC102654365	-8187.175959	-8186.435625	1.48067
LOC102654610	-3848.070756	-3848.062889	0.015734
LOC102654621	-6701.146622	-6701.146622	0
LOC102654987	-2046.651601	-2046.651601	0
LOC102655219	-4875.269724	-4875.264058	0.011332
LOC102655244	-9660.934883	-9660.934883	0
LOC102655259	-9879.590814	-9879.590814	0
LOC102655470	-546.418111	-545.319372	2.19748
LOC102655679	-3353.133872	-3353.133872	0
LOC102655688	-7852.628255	-7852.627856	0.000798
LOC102655836	-6361.530595	-6361.530595	0
LOC102655877	-4944.174729	-4944.174729	0
LOC102655904	-1683.673243	-1683.570305	0.205876
LOC102655948	-4155.715785	-4155.715785	0
LOC102656183	-1841.229159	-1841.201906	0.054506
LOC102656263	-2862.010085	-2862.010085	0
LOC102656287	-1666.889691	-1666.766312	0.246758
LOC107963993	-5522.619855	-5522.552794	0.134122
LOC107964089	-2767.687472	-2767.602215	0.170514
LOC107964507	-1430.090059	-1429.722783	0.734552
LOC107965021	-1488.732484	-1481.012441	15.4401
LOC107965199	-9215.963569	-9215.119887	1.68736
LOC107965225	-2527.783730	-2527.783730	0
LOC107965250	-5534.680837	-5531.242091	6.87749
LOC107965266	-6707.406378	-6707.406378	0
LOC107965508	-3970.616378	-3970.616378	0
LOC107965749	-5549.817949	-5549.817949	0
LOC107965828	-3755.991905	-3755.991905	0
LOC113218526	-11246.567405	-11246.567405	0
LOC113218534	-4982.271828	-4975.832329	12.879
LOC113218670	-2779.881102	-2779.881102	0
LOC406097	-8166.443426	-8165.908256	1.07034
LOC406114	-9784.194611	-9783.440185	1.50885
LOC408271	-6688.209686	-6683.564537	9.2903
LOC408286	-12232.238340	-12232.238340	0
LOC408303	-5194.287425	-5194.287425	0
LOC408312	-7852.361113	-7852.141102	0.440022
LOC408355	-5884.254383	-5884.254383	0
LOC408358	-19066.426132	-19065.924125	1.00401
LOC408369	-3172.220127	-3172.220127	0
LOC408391	-4453.430094	-4453.430088	1.2e-05
LOC408402	-7157.547754	-7157.547754	0
LOC408421	-9024.844036	-9024.844036	0
LOC408426	-3245.637329	-3245.637329	0
LOC408434	-5852.916170	-5851.249841	3.33266
LOC408438	-14424.938326	-14424.938326	0
LOC408458	-13000.486185	-13000.480694	0.010982
LOC408461	-3731.207750	-3731.207750	0
LOC408474	-9904.174508	-9904.174508	0
LOC408501	-15065.482148	-15065.346816	0.270664
LOC408511	-3733.282778	-3733.282778	0
LOC408520	-3362.198793	-3362.198793	0
LOC408533	-16631.624074	-16631.624074	0
LOC408573	-2867.658109	-2867.658109	0
LOC408575	-4881.542644	-4881.542644	0
LOC408592	-6442.924243	-6442.924243	0
LOC408597	-4361.396337	-4359.916418	2.95984
LOC408649	-6967.801422	-6965.299115	5.00461
LOC408661	-9172.497054	-9166.210041	12.574
LOC408668	-11321.517079	-11321.183123	0.667912
LOC408687	-3725.153003	-3725.153003	0
LOC408717	-3369.191174	-3368.835116	0.712116
LOC408741	-4276.771064	-4276.771064	0
LOC408742	-8631.943344	-8631.943344	0
LOC408748	-2007.504812	-2007.504812	0
LOC408766	-2711.239593	-2711.239593	0
LOC408774	-41860.077951	-41855.182014	9.79187
LOC408785	-3382.615012	-3382.615012	0
LOC408791	-15396.618430	-15396.618419	2.2e-05
LOC408793	-11727.717951	-11721.612985	12.2099
LOC408804	-12014.038613	-12014.038613	0
LOC408808	-14411.669061	-14411.095295	1.14753
LOC408815	-18476.618986	-18475.969482	1.29901
LOC408819	-2244.097422	-2244.097422	0
LOC408827	-3216.265689	-3216.265688	2e-06
LOC408833	-3061.820941	-3061.820941	0
LOC408834	-4232.171697	-4232.171697	0
LOC408851	-1543.521472	-1543.521472	0
LOC408871	-5895.322651	-5895.322651	0
LOC408892	-5274.168791	-5273.908192	0.521198
LOC408906	-7500.557315	-7498.440724	4.23318
LOC408924	-6091.204950	-6091.204950	0
LOC408925	-9679.530279	-9672.156245	14.7481
LOC408955	-6712.970461	-6712.922148	0.096626
LOC408971	-2077.631730	-2077.631730	0
LOC408979	-5551.714622	-5551.714622	0
LOC408989	-9921.224054	-9921.224054	0
LOC409004	-1719.289538	-1719.289538	0
LOC409023	-5134.326043	-5134.137664	0.376758
LOC409026	-3227.021027	-3227.021027	0
LOC409032	-11853.992669	-11853.678471	0.628396
LOC409036	-1416.014559	-1414.861318	2.30648
LOC409041	-3908.980493	-3908.980493	0
LOC409055	-4805.134817	-4805.066678	0.136278
LOC409068	-4634.574404	-4634.574404	0
LOC409098	-13359.190973	-13359.013940	0.354066
LOC409103	-4362.009406	-4360.871792	2.27523
LOC409125	-17238.808055	-17238.808055	0
LOC409157	-7988.233116	-7988.233116	0
LOC409165	-5614.681229	-5614.681229	0
LOC409179	-5796.780301	-5796.780301	0
LOC409180	-6521.544080	-6521.544080	0
LOC409189	-5527.296029	-5527.296029	0
LOC409196	-7741.355932	-7741.355932	0
LOC409201	-1894.789153	-1890.326044	8.92622
LOC409203	-8524.694040	-8523.562768	2.26254
LOC409226	-7896.607922	-7896.607922	0
LOC409245	-4570.118182	-4569.396135	1.44409
LOC409249	-13656.760932	-13656.760932	0
LOC409260	-6629.724684	-6629.724684	0
LOC409263	-3953.062591	-3953.062591	0
LOC409265	-7543.134628	-7543.134628	0
LOC409270	-5555.566643	-5555.566643	0
LOC409271	-24422.911006	-24421.326323	3.16937
LOC409286	-3555.284784	-3555.284784	0
LOC409292	-4085.249379	-4075.477622	19.5435
LOC409308	-763.917338	-763.917338	0
LOC409320	-3031.763668	-3031.763668	0
LOC409329	-3775.529978	-3775.529978	0
LOC409334	-9976.568126	-9976.568126	0
LOC409336	-3567.988598	-3565.506037	4.96512
LOC409341	-5694.112818	-5694.112818	0
LOC409361	-2637.618142	-2637.618142	0
LOC409365	-14235.538472	-14233.888263	3.30042
LOC409373	-3673.649899	-3673.649899	0
LOC409377	-7366.958656	-7366.958656	0
LOC409386	-1132.587831	-1132.587831	0
LOC409388	-3110.711909	-3110.711909	0
LOC409393	-26690.669364	-26690.669362	4e-06
LOC409410	-5483.691778	-5483.691778	0
LOC409411	-3626.045065	-3626.045065	0
LOC409425	-11362.175053	-11360.850688	2.64873
LOC409427	-4580.324981	-4580.324981	0
LOC409441	-4701.489766	-4701.489766	0
LOC409465			0
LOC409488	-3481.073179	-3480.963774	0.21881
LOC409491	-4488.343734	-4488.343734	0
LOC409495	-4292.565196	-4292.565196	0
LOC409499	-4250.460048	-4250.460048	0
LOC409511	-3877.758592	-3877.758592	0
LOC409520	-2979.325777	-2979.325777	0
LOC409523	-3504.000336	-3504.000336	0
LOC409529	-1982.098259	-1982.098259	0
LOC409538	-1997.107512	-1997.107512	0
LOC409559	-6154.657830	-6154.657830	0
LOC409586	-2958.962920	-2958.706924	0.511992
LOC409607	-3253.800576	-3253.800576	0
LOC409633	-3130.016433	-3129.800255	0.432356
LOC409643	-4873.153216	-4873.153216	0
LOC409662	-3267.073635	-3267.073635	0
LOC409667	-1189.830122	-1189.830122	0
LOC409670	-8487.062682	-8479.759361	14.6066
LOC409673	-31276.907016	-31276.459378	0.895276
LOC409689	-6430.665781	-6430.665781	0
LOC409704	-6898.191691	-6897.890163	0.603056
LOC409724	-7595.212238	-7595.212238	0
LOC409726	-7547.879019	-7547.879019	0
LOC409736	-5981.001028	-5980.996950	0.008156
LOC409740	-3624.761017	-3624.761017	0
LOC409749	-1615.791951	-1615.791943	1.6e-05
LOC409762	-2220.877690	-2220.877690	0
LOC409769	-5938.610038	-5938.610038	0
LOC409791	-3376.900491	-3376.900491	0
LOC409795	-13932.909778	-13930.827308	4.16494
LOC409814	-9401.361551	-9401.226753	0.269596
LOC409833	-5598.674158	-5598.674158	0
LOC409838	-8521.867239	-8521.561159	0.61216
LOC409852	-6701.382358	-6695.358176	12.0484
LOC409857	-1348.881116	-1348.881116	0
LOC409860	-7696.440213	-7696.440213	0
LOC409863	-2787.194549	-2787.174546	0.040006
LOC409900	-2511.296806	-2511.296806	0
LOC409905	-7204.836531	-7204.816930	0.039202
LOC409909	-4062.161600	-4062.161600	0
LOC409910	-1749.490070	-1749.489978	0.000184
LOC409911	-6223.501677	-6223.501677	0
LOC409920	-1198.586629	-1198.586629	0
LOC409924	-5830.475180	-5830.475180	0
LOC409925	-1961.403496	-1961.403495	2e-06
LOC409928	-9812.572728	-9812.572728	0
LOC409930	-2423.084558	-2423.084558	0
LOC409941	-10078.099391	-10078.099391	0
LOC409945	-6581.176940	-6570.806385	20.7411
LOC409976	-3430.727711	-3430.727711	0
LOC410039	-5365.723260	-5365.717537	0.011446
LOC410055	-3524.498809	-3524.498809	0
LOC410059	-5581.897452	-5581.895869	0.003166
LOC410087	-3980.398868	-3980.398868	0
LOC410091	-4573.569455	-4573.569455	0
LOC410097	-17929.942573	-17929.942573	0
LOC410105	-6457.875971	-6457.875971	0
LOC410107	-8855.328932	-8855.328932	0
LOC410118	-6282.219958	-6282.219958	0
LOC410155	-4.813935	-4.813935	0
LOC410157	-1643.086272	-1643.086272	0
LOC410159	-16597.456080	-16597.456080	0
LOC410172	-5753.501976	-5753.029472	0.945008
LOC410183	-19183.972832	-19175.646815	16.652
LOC410241	-1791.679326	-1791.679326	0
LOC410257	-4613.267434	-4613.267434	0
LOC410270	-7515.480085	-7515.480085	0
LOC410283	-3339.422495	-3337.392010	4.06097
LOC410286	-10662.718958	-10662.718958	0
LOC410289	-10184.987898	-10182.391638	5.19252
LOC410337	-11375.982693	-11375.192201	1.58098
LOC410338	-4591.568242	-4591.568242	0
LOC410371	-12235.318930	-12235.318930	0
LOC410376	-3831.938767	-3831.291689	1.29416
LOC410379	-11907.005373	-11894.077061	25.8566
LOC410383	-7112.772343	-7112.772343	0
LOC410395	-1773.151451	-1773.151451	0
LOC410414	-11960.456856	-11960.456856	0
LOC410420	-3315.362311	-3315.362311	0
LOC410451	-8133.947199	-8133.839251	0.215896
LOC410456	-4958.610518	-4952.027723	13.1656
LOC410470	-5494.583460	-5494.583460	0
LOC410484	-10049.142083	-10049.142083	0
LOC410485	-11483.149699	-11482.922107	0.455184
LOC410510	-11042.055410	-11041.584739	0.941342
LOC410512	-4899.231679	-4899.231679	0
LOC410525	-1721.438280	-1721.438280	0
LOC410538	-10290.405363	-10289.196630	2.41747
LOC410542	-6069.293641	-6069.293641	0
LOC410550	-8436.071254	-8434.660500	2.82151
LOC410561	-2759.048111	-2759.048111	0
LOC410571	-16246.280792	-16246.277265	0.007054
LOC410575	-3906.095673	-3902.562869	7.06561
LOC410577	-2901.391731	-2900.679695	1.42407
LOC410583	-6361.639588	-6361.551348	0.17648
LOC410585	-21869.365267	-21869.327626	0.075282
LOC410618	-5971.277555	-5971.277555	0
LOC410630	-14546.301241	-14545.917400	0.767682
LOC410636	-1938.819407	-1938.819407	0
LOC410663	-1727.270623	-1727.270623	0
LOC410664	-9275.460605	-9275.460605	0
LOC410719	-5100.393223	-5100.393223	0
LOC410732	-5476.792068	-5476.792068	0
LOC410811	-9057.470425	-9057.470425	0
LOC410812	-2066.347227	-2066.347227	0
LOC410821	-3499.154889	-3499.154889	0
LOC410837	-2910.424727	-2910.096956	0.655542
LOC410860	-3839.069138	-3838.738674	0.660928
LOC410879	-6015.785145	-6015.785145	0
LOC410907	-5264.311646	-5263.450461	1.72237
LOC410911	-5909.716223	-5909.716223	0
LOC410938	-6608.222797	-6597.780077	20.8854
LOC410940	-19510.690665	-19508.437641	4.50605
LOC410943	-3823.312985	-3823.312985	0
LOC410952	-4535.143338	-4535.143338	0
LOC410969	-2271.352376	-2271.352376	0
LOC410973	-1734.051655	-1734.051655	0
LOC410985	-3802.884876	-3802.884876	0
LOC411043	-7237.731495	-7237.731497	-4e-06
LOC411048	-2873.923174	-2873.923174	0
LOC411054	-6097.485791	-6097.485791	0
LOC411070	-14449.467057	-14449.467057	0
LOC411088	-2119.727751	-2119.727751	0
LOC411100	-4161.521567	-4161.521567	0
LOC411115	-41789.500589	-41771.625478	35.7502
LOC411147	-9623.877937	-9623.877937	0
LOC411148	-6837.284856	-6837.284856	0
LOC411163	-6437.990650	-6437.990650	0
LOC411164	-5704.606572	-5704.606572	0
LOC411167	-7823.790796	-7823.790796	0
LOC411188	-5912.555768	-5912.555768	0
LOC411191	-2118.535471	-2114.509976	8.05099
LOC411214	-4465.020810	-4464.349916	1.34179
LOC411233	-10179.221247	-10177.435650	3.57119
LOC411249	-13792.098872	-13792.067310	0.063124
LOC411260	-1234.409221	-1234.409221	0
LOC411261	-10246.863566	-10246.858170	0.010792
LOC411270	-9153.139054	-9150.694556	4.889
LOC411288	-4610.468515	-4610.468515	0
LOC411295	-2906.233137	-2906.233137	0
LOC411306	-4869.251677	-4869.251677	0
LOC411335	-2945.954870	-2939.663781	12.5822
LOC411347	-2004.509332	-2004.509332	0
LOC411365	-3112.382520	-3112.382520	0
LOC411391	-3574.772943	-3574.772943	0
LOC411404	-5961.749046	-5960.925336	1.64742
LOC411408	-2551.145037	-2551.145037	0
LOC411447	-7536.611060	-7535.420263	2.38159
LOC411458	-6777.767781	-6777.767781	0
LOC411473	-8589.729545	-8589.729545	0
LOC411474	-21686.874596	-21686.114453	1.52029
LOC411490	-7370.796292	-7370.796292	0
LOC411509	-4230.129135	-4228.985197	2.28788
LOC411510	-4695.199506	-4694.207434	1.98414
LOC411519	-5563.088004	-5563.088004	0
LOC411524	-2759.080413	-2759.080413	0
LOC411540	-8584.284858	-8584.284858	0
LOC411545	-11280.931924	-11279.864954	2.13394
LOC411552	-4243.072789	-4243.072789	0
LOC411564	-14038.074481	-14038.074481	0
LOC411566	-14217.149536	-14217.149536	0
LOC411633	-4615.512786	-4615.512786	0
LOC411639	-48655.606288	-48655.585905	0.040766
LOC411654	-4248.341250	-4248.341250	0
LOC411665	-3358.369086	-3358.369086	0
LOC411698	-4871.350962	-4870.890139	0.921646
LOC411699	-12850.940380	-12849.841854	2.19705
LOC411719	-5305.969256	-5305.969256	0
LOC411722	-4601.660348	-4601.660027	0.000642
LOC411724	-14205.297472	-14205.297472	0
LOC411730	-11618.813770	-11618.809847	0.007846
LOC411731	-10040.362557	-10039.266129	2.19286
LOC411732	-2912.627611	-2912.627611	0
LOC411789	-2794.346764	-2794.346764	0
LOC411794	-6350.083315	-6350.083314	2e-06
LOC411799	-7239.562623	-7239.562623	0
LOC411839	-6513.674391	-6513.674391	0
LOC411856	-3808.335682	-3808.335682	0
LOC411875	-6720.694721	-6720.694721	0
LOC411892	-4104.710282	-4104.710282	0
LOC411904	-10910.637107	-10910.635359	0.003496
LOC411906	-13908.798198	-13908.798198	0
LOC411915	-4487.731629	-4487.564646	0.333966
LOC411923	-13340.612775	-13340.612775	0
LOC411972	-5820.253233	-5820.253233	0
LOC411980	-7731.620556	-7731.620556	0
LOC411982	-3155.526549	-3135.591340	39.8704
LOC411985	-16612.997678	-16612.568045	0.859266
LOC412003	-9397.814867	-9397.814867	0
LOC412005	-4702.879152	-4702.879152	0
LOC412018	-8724.091762	-8723.693131	0.797262
LOC412024	-3838.025225	-3838.025225	0
LOC412025	-9397.237476	-9397.237476	0
LOC412027	-5538.100916	-5537.937657	0.326518
LOC412030	-1638.084562	-1638.084562	0
LOC412046	-22705.262824	-22705.262824	0
LOC412064	-2906.700604	-2906.700604	0
LOC412069	-6739.946047	-6739.946047	0
LOC412082	-3646.765221	-3646.476970	0.576502
LOC412097	-12673.044666	-12673.044649	3.4e-05
LOC412115	-11940.625412	-11936.291012	8.6688
LOC412148	-2795.732312	-2795.732312	0
LOC412150	-11136.744213	-11136.744213	0
LOC412167	-11461.164987	-11461.164987	0
LOC412177	-7308.692717	-7308.627492	0.13045
LOC412195	-6473.171927	-6473.171927	0
LOC412198	-22088.370496	-22087.723758	1.29348
LOC412200	-9276.990642	-9276.990642	0
LOC412232	-4359.443983	-4359.367370	0.153226
LOC412235	-4096.945523	-4096.026326	1.83839
LOC412245	-6787.856967	-6787.856967	0
LOC412247	-4528.377105	-4528.377105	0
LOC412263	-13181.973418	-13181.973418	0
LOC412276	-3725.337389	-3725.337389	0
LOC412277	-5281.844484	-5281.771720	0.145528
LOC412278	-20102.479648	-20102.479648	0
LOC412282	-16561.010422	-16561.010422	0
LOC412287	-6899.510894	-6899.442125	0.137538
LOC412294	-4676.939555	-4676.939555	0
LOC412303	-3568.591360	-3568.591360	0
LOC412332	-15632.638042	-15632.638042	0
LOC412339	-3671.769024	-3671.769024	0
LOC412348	-2783.980460	-2783.980460	0
LOC412366	-4188.821202	-4188.821202	0
LOC412378	-3228.792681	-3228.792681	0
LOC412410	-7216.600252	-7216.600252	0
LOC412422	-20053.401894	-20042.629376	21.545
LOC412423	-5522.454440	-5522.454440	0
LOC412467	-7130.467501	-7130.467501	0
LOC412470	-6924.765318	-6924.765318	0
LOC412526	-4471.047967	-4471.047967	0
LOC412540	-6666.107131	-6666.060078	0.094106
LOC412547	-1364.731743	-1364.731743	0
LOC412554	-3050.434506	-3050.259842	0.349328
LOC412563	-6243.066558	-6241.945485	2.24215
LOC412573	-6772.198865	-6772.197825	0.00208
LOC412578	-2027.808154	-2026.139003	3.3383
LOC412580	-7029.760037	-7029.760037	0
LOC412598	-4691.181178	-4691.181178	0
LOC412612	-5358.477171	-5358.477171	0
LOC412619	-5596.858406	-5596.858406	0
LOC412623	-13045.981214	-13045.981214	0
LOC412624	-9646.243274	-9646.243274	0
LOC412647	-4441.901867	-4441.901867	0
LOC412670	-6007.486104	-6007.486104	0
LOC412675	-5419.248241	-5419.116925	0.262632
LOC412687	-5091.554196	-5091.554196	0
LOC412690	-4618.371165	-4618.371165	0
LOC412750	-12142.524756	-12136.817918	11.4137
LOC412762	-4392.186130	-4392.186130	0
LOC412810	-13660.874593	-13660.719636	0.309914
LOC412816	-3364.622389	-3364.622389	0
LOC412851	-4284.115017	-4284.115005	2.4e-05
LOC412870	-1230.764527	-1230.763852	0.00135
LOC412878	-21376.604836	-21376.604836	0
LOC412889	-5884.618252	-5884.618252	0
LOC412931	-6701.148403	-6701.148403	0
LOC412933	-4706.606701	-4706.606701	0
LOC412950	-9968.299456	-9968.079511	0.43989
LOC412956	-5086.250249	-5085.662682	1.17513
LOC413006	-3937.283940	-3937.283940	0
LOC413011	-6542.141080	-6542.067375	0.14741
LOC413030	-3243.880935	-3243.880935	0
LOC413032	-10861.303981	-10861.303981	0
LOC413065	-3369.518910	-3369.518910	0
LOC413074	-15813.344337	-15813.344337	0
LOC413087	-9267.700118	-9267.381542	0.637152
LOC413101	-5153.772408	-5153.772408	0
LOC413106	-8427.606027	-8427.606027	0
LOC413110	-2357.528979	-2357.528978	2e-06
LOC413119	-9907.808383	-9907.797960	0.020846
LOC413126	-7983.720597	-7983.720597	0
LOC413133	-4612.215408	-4612.215408	0
LOC413153	-6825.202159	-6825.202157	4e-06
LOC413179	-2625.108138	-2625.108138	0
LOC413194	-6040.277373	-6030.984986	18.5848
LOC413196	-3033.128844	-3033.128844	0
LOC413208	-7432.159388	-7432.110252	0.098272
LOC413228	-7183.361801	-7182.769075	1.18545
LOC413233	-9518.902809	-9518.902809	0
LOC413240	-2590.129582	-2590.129582	0
LOC413242	-9242.165572	-9242.165572	0
LOC413246	-1774.950857	-1774.950857	0
LOC413250	-8333.296695	-8333.211661	0.170068
LOC413271	-6058.567395	-6058.567395	0
LOC413275	-3470.926637	-3470.277735	1.2978
LOC413297	-3440.755141	-3440.755141	0
LOC413305	-8379.604768	-8379.423592	0.362352
LOC413365	-4213.071720	-4212.633765	0.87591
LOC413383	-3995.531316	-3995.531316	0
LOC413389	-7716.303300	-7716.303300	0
LOC413394	-2011.849152	-2011.849152	0
LOC413411	-8655.605529	-8655.270790	0.669478
LOC413430	-5816.123525	-5816.123525	0
LOC413489	-6379.670049	-6379.670048	2e-06
LOC413495	-3062.546591	-3062.546591	0
LOC413510	-16203.522548	-16203.522548	0
LOC413520	-3290.040076	-3290.040076	0
LOC413529	-6604.459318	-6604.459318	0
LOC413534	-5875.956432	-5867.401414	17.11
LOC413542	-14146.885643	-14146.740796	0.289694
LOC413544	-7345.667654	-7345.663027	0.009254
LOC413567	-4585.940428	-4585.754536	0.371784
LOC413573	-3467.598842	-3467.598842	0
LOC413575	-10358.659560	-10356.692687	3.93375
LOC413576	-8652.362981	-8652.362981	0
LOC413579	-6944.530825	-6944.530825	0
LOC413583	-5834.525284	-5834.525284	0
LOC413601	-3137.208213	-3136.486401	1.44362
LOC413614	-1777.958698	-1777.958698	0
LOC413619	-2282.145612	-2282.145612	0
LOC413643	-5606.543617	-5606.543617	0
LOC413668	-9639.054543	-9639.054543	0
LOC413672	-8879.804202	-8879.804202	0
LOC413678	-6232.361053	-6232.361053	0
LOC413688	-6366.907613	-6366.748965	0.317296
LOC413699	-6574.910620	-6574.910620	0
LOC413713	-9222.890961	-9222.890961	0
LOC413736	-6735.031905	-6735.031905	0
LOC413742	-8691.252624	-8691.252624	0
LOC413772	-6424.245513	-6423.776466	0.938094
LOC413782	-10267.213010	-10267.213010	0
LOC413796	-13442.659909	-13442.635624	0.04857
LOC413815	-5050.603531	-5050.541494	0.124074
LOC413827	-3051.884675	-3051.884675	0
LOC413854	-10471.774117	-10471.774117	0
LOC413873	-19750.805981	-19750.702259	0.207444
LOC413878	-7961.610347	-7961.610347	0
LOC413881	-1661.599412	-1661.599412	0
LOC413889	-4365.113872	-4365.113872	0
LOC413909	-6453.537665	-6453.537665	0
LOC413914	-3645.864718	-3645.864718	0
LOC413916	-3317.645432	-3317.633502	0.02386
LOC413917	-7390.476149	-7364.239402	52.4735
LOC413950	-12384.911036	-12384.697268	0.427536
LOC413976	-2373.857876	-2373.857876	0
LOC413987	-6251.127428	-6251.127428	0
LOC414009	-7156.233754	-7156.233753	2e-06
LOC414027	-1939.026273	-1939.026273	0
LOC414035	-3401.557686	-3401.557686	0
LOC414039	-1060.430047	-1060.430047	0
LOC494509	-4058.355476	-4058.355476	0
LOC550659	-4026.698761	-4026.698761	0
LOC550695	-7813.399570	-7812.252228	2.29468
LOC550701	-4182.800989	-4181.320644	2.96069
LOC550710	-2253.958536	-2253.958536	0
LOC550716	-16268.245499	-16268.245499	0
LOC550767	-3207.792609	-3205.433355	4.71851
LOC550780	-3221.429970	-3221.429970	0
LOC550789	-4122.241677	-4122.241677	0
LOC550804	-8601.263961	-8601.263961	0
LOC550829	-21942.025360	-21942.025353	1.4e-05
LOC550834	-817.656948	-817.656948	0
LOC550869	-6653.784299	-6653.768913	0.030772
LOC550881	-2536.081869	-2536.081869	0
LOC550884	-6812.383174	-6811.763883	1.23858
LOC550885	-6903.717865	-6903.717865	0
LOC550901	-4659.488970	-4659.488970	0
LOC550903	-10069.290906	-10069.290906	0
LOC550955	-3016.547234	-3016.547234	0
LOC550970	-2252.846779	-2252.846779	0
LOC550998	-3089.519037	-3089.519037	0
LOC551009	-7236.726546	-7236.345857	0.761378
LOC551012	-7939.371221	-7939.371221	0
LOC551036	-4706.816811	-4706.816810	2e-06
LOC551042	-2723.400019	-2720.297232	6.20557
LOC551057	-3201.227796	-3201.227796	0
LOC551088	-5553.311725	-5553.311725	0
LOC551093	-7064.541429	-7064.541429	0
LOC551100	-3023.129151	-3023.129151	0
LOC551114	-2324.686846	-2324.686846	0
LOC551116	-3519.474323	-3519.470882	0.006882
LOC551133	-4741.967806	-4740.716689	2.50223
LOC551177	-1930.592268	-1930.592268	0
LOC551194	-6823.803855	-6823.803855	0
LOC551198	-3717.729007	-3717.729007	0
LOC551207	-9934.608364	-9921.986109	25.2445
LOC551208	-4445.509796	-4445.509796	0
LOC551212	-8443.393469	-8442.552221	1.6825
LOC551219	-7524.185792	-7524.185792	0
LOC551231	-4950.125786	-4950.125786	0
LOC551248	-1832.131171	-1832.131171	0
LOC551276	-6594.372288	-6594.372288	0
LOC551290	-5733.368562	-5733.164512	0.4081
LOC551304	-616.770521	-616.770521	0
LOC551314	-10211.007145	-10211.007145	0
LOC551324	-5242.199532	-5242.199532	0
LOC551353	-2673.199093	-2673.199093	0
LOC551364	-5759.983012	-5759.983012	0
LOC551379	-6007.478144	-6007.465473	0.025342
LOC551381	-1153.788197	-1153.788197	0
LOC551384	-4599.871632	-4599.871632	0
LOC551392	-5845.805160	-5845.641976	0.326368
LOC551395	-6401.912111	-6400.588764	2.64669
LOC551398	-14747.887138	-14747.629196	0.515884
LOC551405	-6977.616259	-6976.797415	1.63769
LOC551413	-2005.232160	-2005.232160	0
LOC551414	-4316.444197	-4316.444197	0
LOC551416	-6702.325465	-6702.325465	0
LOC551425	-12986.496492	-12986.496492	0
LOC551426	-4219.462642	-4219.462642	0
LOC551435	-7493.182936	-7493.182936	0
LOC551439	-4179.370921	-4179.370921	0
LOC551441	-3476.370601	-3476.370601	0
LOC551445	-3839.702798	-3839.702798	0
LOC551447	-5453.910570	-5453.910570	0
LOC551448	-3110.713180	-3110.713180	0
LOC551452	-4861.761438	-4861.666047	0.190782
LOC551457	-4513.694974	-4513.694974	0
LOC551467	-4963.294981	-4963.294981	0
LOC551484	-8683.472428	-8683.472428	0
LOC551500	-12793.716817	-12793.716817	0
LOC551501	-2174.406896	-2174.406896	0
LOC551517	-5424.475768	-5424.475768	0
LOC551530	-22899.107767	-22899.107767	0
LOC551549	-6432.180947	-6432.180947	0
LOC551554	-1774.853980	-1774.853980	0
LOC551578	-9707.514900	-9707.514900	0
LOC551581	-6621.215979	-6621.214714	0.00253
LOC551589	-2399.110772	-2397.822918	2.57571
LOC551602	-7261.403203	-7261.403203	0
LOC551603	-2249.962729	-2249.962729	0
LOC551607	-1222.491840	-1222.491840	0
LOC551608	-5538.578479	-5538.578479	0
LOC551618	-6349.146721	-6349.146721	0
LOC551619	-11126.755009	-11126.755009	0
LOC551629	-16518.549529	-16518.510516	0.078026
LOC551631	-8634.929767	-8634.458184	0.943166
LOC551642	-5157.613723	-5157.613723	0
LOC551662	-3116.432284	-3116.432283	2e-06
LOC551664	-4228.850538	-4228.850439	0.000198
LOC551668	-12719.315905	-12719.315099	0.001612
LOC551679	-2571.225967	-2571.225967	0
LOC551683	-4678.700894	-4678.700894	0
LOC551695	-775.176371	-775.176371	0
LOC551699	-5559.976104	-5559.938495	0.075218
LOC551709	-13618.579077	-13618.579077	0
LOC551712	-6054.850884	-6054.850884	0
LOC551721	-5469.215878	-5469.215878	0
LOC551732	-4439.847124	-4437.943730	3.80679
LOC551749	-8040.320063	-8040.320063	0
LOC551753	-18534.546617	-18534.546617	0
LOC551755	-1386.554396	-1381.471938	10.1649
LOC551757	-2037.479609	-2037.479609	0
LOC551794	-2252.810309	-2252.810309	0
LOC551806	-4523.060230	-4523.060230	0
LOC551815	-5100.188462	-5100.188462	0
LOC551817	-1586.059216	-1586.059216	0
LOC551819	-5327.896416	-5327.896416	0
LOC551827	-4300.964363	-4300.964363	0
LOC551847	-4569.429307	-4569.429307	0
LOC551872	-3586.226730	-3586.226730	0
LOC551882	-3007.542001	-3007.542001	0
LOC551890	-5383.467555	-5383.035610	0.86389
LOC551892	-3562.209982	-3562.209982	0
LOC551898	-1358.391243	-1358.391243	0
LOC551912	-1040.392296	-1040.392296	0
LOC551922	-2207.144453	-2207.144453	0
LOC551952	-3785.627211	-3785.627211	0
LOC551961	-1620.471264	-1620.471264	0
LOC551962	-2940.547829	-2940.547829	0
LOC551964	-7896.955846	-7896.620190	0.671312
LOC551969	-7050.596944	-7050.288561	0.616766
LOC551970	-15418.611946	-15418.611946	0
LOC551972	-5728.438505	-5728.438505	0
LOC551980	-3298.460395	-3298.460395	0
LOC551982	-2492.271673	-2492.271673	0
LOC551986	-4587.887297	-4587.887297	0
LOC552000	-2613.181751	-2613.181751	0
LOC552003	-3052.616765	-3052.616765	0
LOC552009	-3761.073944	-3760.945571	0.256746
LOC552036	-5939.448713	-5939.448713	0
LOC552043	-3828.757801	-3828.757801	0
LOC552051	-3770.246513	-3770.246513	0
LOC552056	-6047.829050	-6047.829050	0
LOC552091	-4498.268258	-4498.172299	0.191918
LOC552093	-3923.061219	-3923.061219	0
LOC552095	-16153.929359	-16153.929359	0
LOC552124	-3111.636076	-3111.636076	0
LOC552138	-1834.533773	-1834.533773	0
LOC552139	-3874.935363	-3874.935363	0
LOC552141	-3434.614368	-3434.614368	0
LOC552144	-6868.551128	-6868.551128	0
LOC552145	-2053.281039	-2053.281039	0
LOC552150	-4890.770472	-4890.770472	0
LOC552156	-6458.239395	-6458.239392	6e-06
LOC552161	-1464.731444	-1464.731444	0
LOC552163	-5990.664505	-5990.664505	0
LOC552180	-1771.057607	-1771.057607	0
LOC552181	-3411.406559	-3411.406559	0
LOC552191	-4872.349304	-4872.349304	0
LOC552194	-6185.113422	-6185.113422	0
LOC552196	-2468.907378	-2468.907378	0
LOC552197	-4252.706713	-4251.765114	1.8832
LOC552204	-1885.646329	-1883.490158	4.31234
LOC552213	-2025.576318	-2025.576318	0
LOC552237	-2367.392723	-2367.392723	0
LOC552245	-8801.378389	-8801.378389	0
LOC552246	-4614.722512	-4614.719665	0.005694
LOC552247	-9216.891734	-9216.891734	0
LOC552249	-18850.880412	-18850.880412	0
LOC552254	-5434.245196	-5434.245196	0
LOC552263	-4100.475087	-4100.475087	0
LOC552278	-4537.856298	-4537.856298	0
LOC552283	-3849.756807	-3849.756807	0
LOC552315	-3617.009733	-3617.009733	0
LOC552327	-4882.195070	-4882.195070	0
LOC552348	-2190.673094	-2190.673094	0
LOC552353	-1860.718676	-1860.718676	0
LOC552377	-4738.810055	-4731.056238	15.5076
LOC552392	-5095.185298	-5095.185298	0
LOC552398	-4583.327754	-4583.327754	0
LOC552403	-1383.213421	-1382.781828	0.863186
LOC552410	-1337.484059	-1337.484059	0
LOC552413	-3971.542816	-3971.542816	0
LOC552417	-7237.989024	-7237.900231	0.177586
LOC552419	-2051.224601	-2051.224601	0
LOC552424	-3303.796180	-3303.796180	0
LOC552426	-2635.392141	-2635.392141	0
LOC552432	-5856.573341	-5856.573341	0
LOC552441	-2875.001945	-2875.001945	0
LOC552443	-2459.606690	-2459.606690	0
LOC552449	-2514.211327	-2514.211327	0
LOC552451	-4834.556225	-4834.556225	0
LOC552455	-7513.809174	-7513.809174	0
LOC552460	-1444.308775	-1444.308775	0
LOC552476	-1291.053818	-1291.053818	0
LOC552479	-9847.448958	-9847.448958	0
LOC552485	-5728.734576	-5728.734576	0
LOC552488	-5060.527903	-5060.527903	0
LOC552495	-10430.311423	-10430.311423	0
LOC552496	-9503.745224	-9503.486930	0.516588
LOC552501	-1707.602305	-1707.602305	0
LOC552510	-7498.570766	-7498.570766	0
LOC552511	-3711.687264	-3711.659381	0.055766
LOC552516	-3835.922853	-3835.922853	0
LOC552520	-4009.102458	-4009.008293	0.18833
LOC552522	-7294.567508	-7294.567508	0
LOC552528	-8214.925378	-8214.925378	0
LOC552529	-1442.897344	-1442.897344	0
LOC552531	-1154.457610	-1154.457610	0
LOC552533	-6644.491311	-6644.491311	0
LOC552549	-5889.385752	-5889.385696	0.000112
LOC552551	-1412.056634	-1411.436131	1.24101
LOC552562	-5278.838533	-5278.838533	0
LOC552566	-6584.671858	-6584.671858	0
LOC552571	-7719.590293	-7719.590293	0
LOC552590	-4501.881234	-4501.881234	0
LOC552592	-7836.910228	-7836.709483	0.40149
LOC552599	-1710.907779	-1710.907778	2e-06
LOC552607	-3788.726691	-3788.726691	0
LOC552641	-5476.657178	-5476.657178	0
LOC552643	-9172.115724	-9171.566574	1.0983
LOC552654	-2658.439324	-2657.833666	1.21132
LOC552656	-6492.638768	-6492.638768	0
LOC552658	-12946.433956	-12945.600876	1.66616
LOC552662	-5091.199395	-5089.408601	3.58159
LOC552674	-12035.739788	-12035.680131	0.119314
LOC552686	-2401.361332	-2401.361332	0
LOC552688	-3353.988371	-3353.988371	0
LOC552696	-5000.186759	-5000.186759	0
LOC552715	-3718.026177	-3718.026177	0
LOC552719	-1356.259252	-1356.259252	0
LOC552720	-2773.928856	-2773.928856	0
LOC552721	-2724.954687	-2724.954687	0
LOC552723	-6989.671699	-6989.671699	0
LOC552725	-7215.703805	-7215.703805	0
LOC552730	-1987.929449	-1987.929449	0
LOC552734	-3611.417676	-3611.317806	0.19974
LOC552745	-5320.295395	-5320.295395	0
LOC552747	-8786.386744	-8785.207434	2.35862
LOC552748	-5417.651904	-5417.651904	0
LOC552756	-5472.831027	-5470.879556	3.90294
LOC552766	-5316.948265	-5316.948265	0
LOC552769	-3741.267868	-3741.267868	0
LOC552772	-1491.528904	-1490.168225	2.72136
LOC552776	-7492.069335	-7491.643630	0.85141
LOC552779	-1753.399008	-1744.710137	17.3777
LOC552787	-10211.644776	-10211.489351	0.31085
LOC552794	-14949.510397	-14949.357855	0.305084
LOC552797	-3950.175281	-3950.170487	0.009588
LOC552802	-1571.408715	-1571.408715	0
LOC552804	-5445.365725	-5445.365725	0
LOC552807	-1732.099168	-1732.099168	0
LOC552827	-648.691967	-648.691967	0
LOC552832	-4644.741554	-4644.741554	0
LOC552839			0
LOC724169	-2677.855476	-2677.855476	0
LOC724170	-5169.821688	-5169.821688	0
LOC724188	-1179.757247	-1179.757247	0
LOC724215	-19355.110001	-19355.110001	0
LOC724216	-4434.855073	-4434.805247	0.099652
LOC724218	-4694.992141	-4694.992141	0
LOC724239	-5509.265886	-5509.265886	0
LOC724241	-1181.246458	-1181.246458	0
LOC724247	-7255.045810	-7255.045810	0
LOC724256	-2897.455321	-2897.455321	0
LOC724291	-5076.180347	-5076.180347	0
LOC724292	-5274.380597	-5274.380597	0
LOC724296	-9731.989529	-9731.948636	0.081786
LOC724303	-1623.555438	-1623.555438	0
LOC724323	-4951.795608	-4951.795608	0
LOC724339	-7436.074501	-7436.074501	0
LOC724341	-3285.887282	-3285.748509	0.277546
LOC724343	-1740.060781	-1739.913426	0.29471
LOC724350	-2653.790198	-2653.790198	0
LOC724365	-1522.771481	-1522.771481	0
LOC724366	-1865.377904	-1865.377902	4e-06
LOC724386	-3060.465637	-3058.522179	3.88692
LOC724407			0
LOC724408	-1514.739114	-1514.739114	0
LOC724423	-25721.609259	-25721.609259	0
LOC724432	-4437.614829	-4435.894267	3.44112
LOC724443	-4985.877255	-4985.877255	0
LOC724486	-1580.549309	-1580.549309	0
LOC724488	-3320.427829	-3320.427829	0
LOC724496	-6302.810841	-6302.810841	0
LOC724510	-13884.801896	-13884.487679	0.628434
LOC724533	-1635.083492	-1635.082450	0.002084
LOC724542	-9432.221525	-9432.221134	0.000782
LOC724625	-693.014415	-693.014415	0
LOC724630	-1306.240236	-1306.240236	0
LOC724648	-2501.380828	-2501.380828	0
LOC724654	-1841.069362	-1840.408903	1.32092
LOC724656	-11833.435244	-11833.435244	0
LOC724700	-5595.488912	-5595.488912	0
LOC724703	-8090.382867	-8086.537899	7.68994
LOC724704	-5423.733331	-5423.687463	0.091736
LOC724710	-3303.835591	-3303.835591	0
LOC724741	-9711.042761	-9711.042761	0
LOC724742	-4390.506616	-4390.506616	0
LOC724769	-1440.839778	-1440.839778	0
LOC724786	-1654.399969	-1653.361164	2.07761
LOC724790	-3186.284920	-3186.284920	0
LOC724794	-1300.948335	-1300.948335	0
LOC724798	-5222.322063	-5222.322063	0
LOC724809	-9249.818350	-9249.435381	0.765938
LOC724827	-2959.243684	-2959.243684	0
LOC724863	-8313.482609	-8313.482609	0
LOC724865	-13065.184488	-13065.184488	0
LOC724885	-3015.802335	-3015.802335	0
LOC724888	-1163.770834	-1163.770834	0
LOC724891	-7419.160865	-7419.160865	0
LOC724896	-901.330114	-901.330114	0
LOC724926	-10571.893902	-10559.932336	23.9231
LOC724930	-8428.234291	-8427.792434	0.883714
LOC724932	-5569.119554	-5568.190914	1.85728
LOC724947	-3718.875851	-3718.875851	0
LOC724948	-10891.579785	-10891.579785	0
LOC724953	-2905.369744	-2895.829117	19.0813
LOC724954	-1903.640835	-1903.640835	0
LOC725023	-5977.738518	-5977.738518	0
LOC725026	-5292.109119	-5292.033457	0.151324
LOC725044	-5836.192503	-5836.192503	0
LOC725055	-610.327915	-610.327915	0
LOC725111	-11572.267304	-11572.267304	0
LOC725142	-937.014352	-937.014352	0
LOC725143	-4413.169674	-4413.169674	0
LOC725146	-4318.658056	-4318.658056	0
LOC725149	-12532.076016	-12523.572090	17.0079
LOC725178	-8411.959986	-8411.959986	0
LOC725184	-1254.613416	-1254.613416	0
LOC725204	-4051.847580	-4049.621363	4.45243
LOC725216	-23583.834859	-23583.834859	0
LOC725238	-4057.690362	-4057.690362	0
LOC725240	-1341.574754	-1341.574754	0
LOC725261	-1903.886975	-1903.886975	0
LOC725266	-1599.199068	-1599.199068	0
LOC725306	-25338.644262	-25338.644262	0
LOC725316	-1530.847079	-1530.847079	0
LOC725320	-9135.031508	-9135.031508	0
LOC725325	-6961.605213	-6961.605015	0.000396
LOC725330	-6684.704434	-6684.454851	0.499166
LOC725343	-7669.261856	-7669.261856	0
LOC725345	-1108.384026	-1108.384026	0
LOC725348	-5113.124914	-5102.113549	22.0227
LOC725362	-3369.829217	-3369.829217	0
LOC725363	-4366.190400	-4366.190400	0
LOC725368	-5177.973398	-5177.973398	0
LOC725374	-2597.058781	-2596.864975	0.387612
LOC725388	-8559.151532	-8559.151532	0
LOC725416	-1614.246195	-1614.246195	0
LOC725459	-3233.222064	-3230.679781	5.08457
LOC725477	-7616.022150	-7616.014737	0.014826
LOC725478	-2649.597390	-2649.597390	0
LOC725486	-10200.199236	-10198.886675	2.62512
LOC725491	-2185.512302	-2185.512302	0
LOC725496	-5604.202395	-5604.202395	0
LOC725505	-3032.881611	-3032.881611	0
LOC725512	-7063.330133	-7063.330133	0
LOC725529	-3798.624128	-3798.624128	0
LOC725539	-7693.150568	-7693.150568	0
LOC725551	-2735.472888	-2735.472888	0
LOC725552	-9518.704840	-9517.939703	1.53027
LOC725566	-1887.075269	-1887.075269	0
LOC725569	-4842.419093	-4842.419093	0
LOC725571	-5648.507227	-5648.507227	0
LOC725572	-1223.452245	-1223.452245	0
LOC725576	-8936.568149	-8936.568149	0
LOC725603	-2563.552239	-2563.552239	0
LOC725609	-852.022214	-852.022214	0
LOC725611	-20478.209513	-20478.209513	0
LOC725612	-13447.423756	-13447.423756	0
LOC725628	-3091.014915	-3091.014915	0
LOC725633	-1653.744069	-1653.744069	0
LOC725641	-1089.461614	-1089.461614	0
LOC725661	-7088.938172	-7088.040197	1.79595
LOC725686	-929.313208	-929.313208	0
LOC725688	-2401.841913	-2400.790908	2.10201
LOC725690	-4183.361211	-4183.361211	0
LOC725701	-7080.889930	-7080.889930	0
LOC725705	-1294.528024	-1294.528024	0
LOC725719	-14067.210630	-14067.210630	0
LOC725744	-2708.708848	-2708.708848	0
LOC725753	-3534.661710	-3534.661710	0
LOC725756	-6755.901876	-6755.901876	0
LOC725770	-9183.408364	-9183.408364	0
LOC725780	-4299.009893	-4299.009893	0
LOC725801	-4895.112643	-4894.870978	0.48333
LOC725835	-1358.767738	-1358.767738	0
LOC725856	-1569.503077	-1569.503077	0
LOC725880	-784.867810	-784.867810	0
LOC725881	-3508.575371	-3508.575371	0
LOC725896	-6161.480061	-6160.153178	2.65377
LOC725899	-5339.377011	-5339.377010	2e-06
LOC725922	-7216.157292	-7211.085177	10.1442
LOC725942	-1795.253238	-1795.121959	0.262558
LOC725947	-697.807638	-697.807639	-2e-06
LOC726002	-14658.623287	-14658.623287	0
LOC726015	-3668.607417	-3667.790811	1.63321
LOC726030	-9864.106025	-9863.418225	1.3756
LOC726040	-12602.926372	-12602.926372	0
LOC726061	-1378.641327	-1378.641327	0
LOC726095	-4066.180824	-4066.180824	0
LOC726102	-7505.710179	-7502.903686	5.61299
LOC726118	-1705.996099	-1705.996099	0
LOC726131	-1224.592760	-1224.592760	0
LOC726163	-3000.896417	-3000.896417	0
LOC726164	-2473.851746	-2473.851746	0
LOC726167	-3206.822937	-3206.822937	0
LOC726172	-4145.804163	-4145.774928	0.05847
LOC726187	-9029.701438	-9029.701434	8e-06
LOC726197	-2042.178181	-2042.178181	0
LOC726205	-3190.296600	-3190.296600	0
LOC726212	-8535.514157	-8529.041963	12.9444
LOC726221	-1608.870756	-1608.870756	0
LOC726227	-6974.602688	-6974.098701	1.00797
LOC726237	-3814.349961	-3814.349961	0
LOC726239	-3954.190849	-3954.190849	0
LOC726240	-1815.337061	-1815.337061	0
LOC726253	-2813.190800	-2813.190800	0
LOC726255	-5096.413816	-5088.869141	15.0894
LOC726289	-2507.447409	-2507.347116	0.200586
LOC726302	-2535.089916	-2535.089916	0
LOC726303	-3610.855643	-3610.855643	0
LOC726310	-12841.574327	-12841.574327	0
LOC726315	-7369.258404	-7366.882095	4.75262
LOC726352	-3609.726519	-3609.726519	0
LOC726380	-4384.280287	-4384.280287	0
LOC726389	-5685.354029	-5677.592742	15.5226
LOC726409	-1904.633285	-1904.633285	0
LOC726414	-11924.663296	-11924.253047	0.820498
LOC726418	-6035.896688	-6031.303957	9.18546
LOC726428	-2637.795960	-2637.795960	0
LOC726497	-27791.097108	-27789.978166	2.23788
LOC726498	-1533.439094	-1531.559442	3.7593
LOC726500	-1422.111140	-1422.111140	0
LOC726540	-15837.096845	-15832.160185	9.87332
LOC726562	-8078.622562	-8078.622562	0
LOC726579	-8552.774864	-8550.610610	4.32851
LOC726583	-10079.320025	-10079.320025	0
LOC726609	-1844.775756	-1844.775756	0
LOC726626	-2250.140954	-2249.610805	1.0603
LOC726637	-9594.429963	-9594.429963	0
LOC726666	-911.702885	-907.605493	8.19478
LOC726720	-1802.862566	-1802.210701	1.30373
LOC726721	-686.181886	-686.181886	0
LOC726742	-13848.112216	-13848.112216	0
LOC726747	-1758.479065	-1758.479065	0
LOC726754	-4805.604477	-4805.604477	0
LOC726760	-8980.701714	-8980.701714	0
LOC726800	-4908.710991	-4908.710991	0
LOC726811	-4441.705644	-4441.705644	0
LOC726812	-6198.628794	-6198.628794	0
LOC726822	-2817.314293	-2817.314292	2e-06
LOC726826	-5685.581106	-5684.760887	1.64044
LOC726850	-1875.912607	-1875.912607	0
LOC726869	-7608.695253	-7608.695253	0
LOC726872	-2536.548186	-2536.548186	0
LOC726887	-3264.677577	-3264.520765	0.313624
LOC726890	-4039.565760	-4030.670585	17.7904
LOC726923	-1197.805199	-1197.764228	0.081942
LOC726928	-12041.334525	-12041.334525	0
LOC726947	-7490.612848	-7490.612845	6e-06
LOC726958	-2631.326238	-2631.326238	0
LOC726983	-7621.561576	-7621.561576	0
LOC726999	-3885.508436	-3885.490677	0.035518
LOC727004	-2400.775709	-2400.403672	0.744074
LOC727009	-9838.737339	-9837.679571	2.11554
LOC727022	-8906.160943	-8906.160943	0
LOC727025	-589.044256	-589.044256	0
LOC727027	-8379.070140	-8379.070140	0
LOC727048	-3674.149390	-3674.149385	1e-05
LOC727116	-2543.784415	-2543.784415	0
LOC727122	-1120.547832	-1120.547832	0
LOC727146	-10203.759191	-10203.759191	0
LOC727186	-1439.809010	-1426.048716	27.5206
LOC727229	-9289.624084	-9289.624084	0
LOC727237	-6714.747972	-6714.726984	0.041976
LOC727238	-25802.134687	-25802.126566	0.016242
LOC727299	-5624.773816	-5624.773816	0
LOC727303	-5357.933207	-5357.933207	0
LOC727320	-7658.104132	-7658.104132	0
LOC727378	-934.450563	-934.450563	0
LOC727396	-14785.584118	-14785.584118	0
LOC727420	-4414.333372	-4414.333372	0
LOC727456	-281.270200	-281.270196	8e-06
LOC727495	-11491.725499	-11491.725499	0
LOC727539	-3918.338366	-3918.323900	0.028932
LOC727582	-4871.524689	-4871.524689	0
LOC727622	-5662.124711	-5662.124711	0
LOC727634	-5974.074892	-5974.074891	2e-06
LOC727652	-17794.482280	-17792.387696	4.18917
NOS	-14246.310646	-14246.310646	0
PGRP-S3	-2052.809389	-2052.809389	0
Ppib	-2074.688412	-2074.688412	0
PPO	-8216.984349	-8216.615973	0.736752
Pten	-1746.415915	-1746.415915	0
Rnft2	-6016.819021	-6016.819021	0
RpL35	-1631.643467	-1631.643467	0
Smb	-1753.999994	-1753.999994	0
Snf	-2314.796268	-2314.796268	0
STT3B	-7329.496637	-7329.496637	0
Tpi	-2709.466856	-2709.466856	0
Tspan6	-4810.761441	-4808.070156	5.38257
Usp	-4582.078581	-4582.078581	0
Vg	-42675.877267	-42672.904097	5.94634
Vha16	-1298.027822	-1298.027822	0
Gene	lnL_Null	lnL_Alt	LRT
LOC406097	-8166.443426	-8165.908256	1.07034
LOC408358	-19066.426132	-19065.924125	1.00401
LOC408391	-4453.430094	-4453.430088	1.2e-05
LOC408426	-3245.637329	-3245.637329	0
LOC408438	-14424.938326	-14424.938326	0
LOC408717	-3369.191174	-3368.835116	0.712116
LOC408808	-14411.669061	-14411.095295	1.14753
LOC408834	-4232.171697	-4232.171697	0
LOC408851	-1543.521472	-1543.521472	0
LOC408924	-6091.204950	-6091.204950	0
LOC409036	-1416.014559	-1414.861318	2.30648
LOC409055	-4805.134817	-4805.066678	0.136278
LOC409125	-17238.808055	-17238.808055	0
LOC409165	-5614.681229	-5614.681229	0
LOC409226	-7896.607922	-7896.607922	0
LOC409286	-3555.284784	-3555.284784	0
LOC409334	-9976.568126	-9976.568126	0
LOC409336	-3567.988598	-3565.506037	4.96512
LOC409341	-5694.112818	-5694.112818	0
LOC409365	-14235.538472	-14233.888263	3.30042
LOC409386	-1132.587831	-1132.587831	0
LOC409393	-26690.669364	-26690.669362	4e-06
LOC409495	-4292.565196	-4292.565196	0
LOC409523	-3504.000336	-3504.000336	0
LOC409529	-1982.098259	-1982.098259	0
LOC411270	-9153.139054	-9150.694556	4.889
LOC411295	-2906.233137	-2906.233137	0
LOC411519	-5563.088004	-5563.088004	0
LOC411566	-14217.149536	-14217.149536	0
LOC411639	-48655.606288	-48655.585905	0.040766
LOC411892	-4104.710282	-4104.710282	0
LOC411915	-4487.731629	-4487.564646	0.333966
LOC411980	-7731.620556	-7731.620556	0
LOC552062	-5449.811406	-5449.811005	0.000802
LOC102654146	-4552.915444	-4552.856556	0.117776
LOC411083	-11682.785723	-11682.785723	0
LOC411457	-5571.780627	-5571.780627	0
LOC411796	-5311.301968	-5311.253361	0.097214
LOC551837	-12240.342754	-12239.797148	1.09121
LOC551931	-3245.582220	-3245.582220	0
LOC726476	-4810.374166	-4810.374166	0
