Gene	lnL_Null	lnL_Alt	LRT
Arp1	-3664.219442	-3664.087769	0.263346
B-gluc1	-8569.747487	-8569.747487	0
Cox6c	-1488.839106	-1488.839106	0
CPR14	-1852.055367	-1852.055367	0
CPR19	-3262.068231	-3262.068231	0
CSP6	-1980.492021	-1980.492021	0
CytC	-1420.378753	-1420.378753	0
Dcr-1	-17099.683964	-17099.683964	0
Dl	-10519.998000	-10519.998000	0
Dnmt3	-9950.358765	-9950.358765	0
Ecr	-4687.473094	-4687.473094	0
egh	-5743.818323	-5743.818323	0
FAR1	-7125.180034	-7125.180034	0
Gat-1B	-7476.069241	-7476.069241	0
Gat-a	-7591.100997	-7591.100997	0
Gfat2	-9211.231059	-9211.231059	0
GlnS	-5414.696249	-5414.696249	0
GstD1	-4391.810426	-4391.810426	0
GstS4	-3262.074982	-3262.074982	0
Imd	-4527.256933	-4526.000262	2.51334
Jtb	-8372.895303	-8372.895303	0
KAT2A	-9513.002617	-9513.002617	0
LOC100379261	-6099.181145	-6102.187588	-6.01289
LOC100576099	-2091.739226	-2091.739226	0
LOC100576186	-7572.673064	-7572.673064	0
LOC100576195	-1537.066115	-1537.066115	0
LOC100576337	-3430.209720	-3430.209720	0
LOC100576383	-6942.364802	-6942.364802	0
LOC100576411	-9058.815229	-9058.815229	0
LOC100576527	-8832.491826	-8832.491826	0
LOC100576646	-3361.554338	-3361.554338	0
LOC100576649	-8753.232562	-8753.232562	0
LOC100576660	-9029.944462	-9029.944462	0
LOC100576742	-15594.459358	-15594.459358	0
LOC100576795	-3885.806861	-3887.284917	-2.95611
LOC100576801	-3750.007480	-3750.007480	0
LOC100576818	-4875.846438	-4875.846438	0
LOC100576819	-7677.787401	-7677.787401	0
LOC100576826	-3583.492090	-3583.492090	0
LOC100576862	-6287.229925	-6287.229925	0
LOC100577002	-8138.794870	-8138.794870	0
LOC100577019			0
LOC100577050	-8139.563659	-8139.563659	0
LOC100577053	-9012.146513	-9012.146513	0
LOC100577136	-5982.329802	-5982.329802	0
LOC100577140	-8780.818430	-8780.818430	0
LOC100577174	-18796.043607	-18805.352855	-18.6185
LOC100577196	-9769.287355	-9769.287355	0
LOC100577401	-16681.076957	-16681.076957	0
LOC100577423	-5055.051383	-5055.051383	0
LOC100577481	-7681.458005	-7681.458005	0
LOC100577493	-9549.358116	-9549.358116	0
LOC100577519			0
LOC100577687	-7334.786271	-7334.786271	0
LOC100577690	-2328.033378	-2327.996525	0.073706
LOC100577763	-37561.937489	-37561.937489	0
LOC100577764	-1764.959431	-1764.959431	0
LOC100577841	-4296.135934	-4296.135934	0
LOC100577870	-1455.706144	-1455.706144	0
LOC100577972	-67369.084608	-67369.084608	0
LOC100578030	-5498.665248	-5498.665248	0
LOC100578035	-3694.634995	-3694.634995	0
LOC100578071	-27402.303478	-27402.303478	0
LOC100578156	-4120.463366	-4120.463366	0
LOC100578168	-2228.421622	-2228.421622	0
LOC100578209	-4740.533920	-4740.533920	0
LOC100578215	-6345.326171	-6345.326171	0
LOC100578235	-1917.631042	-1917.631042	0
LOC100578255	-23271.999573	-23271.999573	0
LOC100578277	-1115.865265	-1115.865265	0
LOC100578329	-9287.681222	-9287.681222	0
LOC100578356	-19587.580446	-19587.580446	0
LOC100578380	-2961.286797	-2961.286797	0
LOC100578433	-22931.835160	-22943.871008	-24.0717
LOC100578450	-11515.389942	-11515.890751	-1.00162
LOC100578537	-11216.528267	-11216.528267	0
LOC100578560	-1640.718441	-1640.718441	0
LOC100578586	-10975.373520	-10975.373520	0
LOC100578697	-2797.760317	-2797.672769	0.175096
LOC100578725	-1124.944260	-1124.944260	0
LOC100578875	-4993.847644	-4993.847644	0
LOC100578893	-11035.416583	-11035.416583	0
LOC102653793	-5575.263462	-5575.263462	0
LOC102653879	-4434.832495	-4434.832495	0
LOC102653930	-1477.985645	-1477.985645	0
LOC102653951			0
LOC102654014	-3590.845507	-3590.844371	0.002272
LOC102654165	-4700.918603	-4700.918603	0
LOC102654312	-5272.535223	-5272.535223	0
LOC102654349	-958.341616	-958.341616	0
LOC102654365	-8181.684468	-8181.684468	0
LOC102654610	-3848.651890	-3848.651890	0
LOC102654621	-6697.644772	-6697.644772	0
LOC102654987	-2046.651601	-2046.651601	0
LOC102655219	-4875.298494	-4875.298494	0
LOC102655244	-9659.736926	-9659.736926	0
LOC102655259	-9876.086615	-9876.086615	0
LOC102655470			0
LOC102655679	-3334.508359	-3334.508359	0
LOC102655688	-7851.770075	-7851.770075	0
LOC102655836	-6352.184471	-6352.184471	0
LOC102655877	-4933.053083	-4933.053083	0
LOC102655904			0
LOC102655948	-4154.511874	-4154.511874	0
LOC102656183	-1835.317044	-1835.317044	0
LOC102656263	-2862.010085	-2862.010085	0
LOC102656287	-1656.575434	-1656.575434	0
LOC107963993	-5522.681205	-5522.681210	-1e-05
LOC107964089	-2760.395923	-2760.095351	0.601144
LOC107964507	-1441.184115	-1441.184115	0
LOC107965021	-1488.453794	-1488.453794	0
LOC107965199	-9210.844295	-9210.844295	0
LOC107965225	-2515.060929	-2515.060929	0
LOC107965250	-5523.379963	-5523.379963	0
LOC107965266	-6706.819082	-6706.819082	0
LOC107965508	-3967.507528	-3967.507528	0
LOC107965749	-5549.089926	-5549.089926	0
LOC107965828	-3755.991905	-3755.991905	0
LOC113218526	-11246.200492	-11246.200492	0
LOC113218534	-4983.455439	-4983.455439	0
LOC113218670	-2779.881102	-2777.586695	4.58881
LOC406097	-8158.219840	-8158.219840	0
LOC406114	-9782.220578	-9782.220578	0
LOC408271	-6689.203786	-6689.203786	0
LOC408286	-12221.637397	-12221.637397	0
LOC408303	-5189.100378	-5189.100378	0
LOC408312	-7850.411021	-7850.411021	0
LOC408355	-5872.976769	-5872.976769	0
LOC408358	-19058.819940	-19058.819940	0
LOC408369	-3168.001822	-3168.001822	0
LOC408391	-4453.430533	-4453.430077	0.000912
LOC408402	-7157.110852	-7157.110852	0
LOC408421	-9012.767485	-9012.767485	0
LOC408426	-3244.526836	-3244.526836	0
LOC408434	-5847.135811	-5847.135811	0
LOC408438	-14420.426521	-14420.426521	0
LOC408458	-13000.836895	-13000.836895	0
LOC408461	-3731.207750	-3731.207750	0
LOC408474	-9902.434496	-9902.434496	0
LOC408501	-15063.630074	-15063.630074	0
LOC408511	-3720.108739	-3720.108739	0
LOC408520	-3355.911340	-3355.911340	0
LOC408533	-16616.458601	-16616.458601	0
LOC408573	-2862.653470	-2862.653470	0
LOC408575	-4876.042899	-4876.042899	0
LOC408592	-6445.660636	-6445.660636	0
LOC408597	-4361.077535	-4361.077535	0
LOC408649	-6994.637863	-6994.637863	0
LOC408661	-9172.235998	-9172.235998	0
LOC408668	-11313.225196	-11313.225196	0
LOC408687	-3721.092946	-3721.092946	0
LOC408717	-3369.198180	-3369.198180	0
LOC408741	-4276.247450	-4276.247450	0
LOC408742	-8630.233443	-8630.233443	0
LOC408748	-2003.394830	-2003.394830	0
LOC408766	-2709.395600	-2709.213668	0.363864
LOC408774	-41784.212130	-41784.212130	0
LOC408785	-3373.390519	-3373.076810	0.627418
LOC408791	-15391.948879	-15391.948879	0
LOC408793	-11743.769909	-11743.769909	0
LOC408804	-12011.079826	-12011.079826	0
LOC408808	-14390.145976	-14390.145976	0
LOC408815	-18471.698349	-18471.698349	0
LOC408819	-2235.266421	-2235.266421	0
LOC408827	-3196.295234	-3196.295234	0
LOC408833	-3062.368225	-3062.368225	0
LOC408834	-4231.909254	-4232.171698	-0.524888
LOC408851	-1540.908131	-1540.908041	0.00018
LOC408871	-5893.452325	-5893.452325	0
LOC408892	-5271.644393	-5271.644393	0
LOC408906	-7495.161481	-7495.161481	0
LOC408924	-6085.743714	-6085.743714	0
LOC408925	-9675.732235	-9675.732235	0
LOC408955	-6711.481171	-6711.481171	0
LOC408971	-2077.569315	-2077.631730	-0.12483
LOC408979	-5550.760372	-5550.760372	0
LOC408989	-9899.842996	-9899.842996	0
LOC409004	-1719.289538	-1719.030874	0.517328
LOC409023	-5133.101608	-5133.101608	0
LOC409026	-3220.881739	-3220.881739	0
LOC409032	-11842.292826	-11842.292826	0
LOC409036	-1418.842317	-1418.758001	0.168632
LOC409041	-3904.098750	-3904.098750	0
LOC409055	-4803.980105	-4803.980105	0
LOC409068	-4634.441872	-4634.441872	0
LOC409098	-13352.000514	-13352.000514	0
LOC409103	-4352.886888	-4352.886888	0
LOC409125	-17227.405555	-17227.405555	0
LOC409157	-7969.545646	-7969.545646	0
LOC409165	-5612.858958	-5612.858958	0
LOC409179	-5782.871171	-5782.871171	0
LOC409180	-6517.599208	-6517.599208	0
LOC409189	-5523.421535	-5520.415880	6.01131
LOC409196	-7740.465734	-7740.465734	0
LOC409201	-1892.930397	-1892.758042	0.34471
LOC409203	-8519.214607	-8519.214607	0
LOC409226	-7896.607922	-7896.607922	0
LOC409245	-4573.954263	-4573.954263	0
LOC409249	-13651.261840	-13651.261840	0
LOC409260	-6607.475090	-6607.475090	0
LOC409263	-3953.062591	-3953.062591	0
LOC409265	-7542.897724	-7543.134628	-0.473808
LOC409270	-5555.566643	-5555.566643	0
LOC409271	-24414.652098	-24414.652098	0
LOC409286	-3549.051981	-3549.051981	0
LOC409292	-4080.417337	-4080.417337	0
LOC409308	-762.981247	-762.981247	0
LOC409320	-3031.740101	-3031.740101	0
LOC409329	-3772.805661	-3772.805661	0
LOC409334	-9969.381970	-9969.381970	0
LOC409336	-3555.958192	-3555.958192	0
LOC409341	-5691.812186	-5691.812186	0
LOC409361	-2632.858668	-2632.858668	0
LOC409365	-14223.749270	-14223.749270	0
LOC409373	-3669.279386	-3669.279386	0
LOC409377	-7307.763086	-7366.958666	-118.391
LOC409386	-1132.587831	-1132.587831	0
LOC409388	-3110.711909	-3110.711909	0
LOC409393	-26672.756045	-26672.756045	0
LOC409410	-5482.575847	-5482.575847	0
LOC409411	-3618.657793	-3618.657793	0
LOC409425	-11352.137246	-11352.137246	0
LOC409427	-4576.551657	-4576.551657	0
LOC409441	-4701.148662	-4701.132415	0.032494
LOC409465			0
LOC409488	-3484.899649	-3484.899649	0
LOC409491	-4486.831941	-4486.831941	0
LOC409495	-4289.724268	-4289.724268	0
LOC409499	-4246.072660	-4242.886265	6.37279
LOC409511	-3877.642441	-3877.642441	0
LOC409520	-2977.434652	-2977.434652	0
LOC409523	-3504.000336	-3504.000336	0
LOC409529	-1965.872802	-1965.872802	0
LOC409538	-1997.107512	-1997.107512	0
LOC409559	-6149.970497	-6149.970497	0
LOC409586	-2946.548620	-2946.548620	0
LOC409607	-3249.392434	-3249.392434	0
LOC409633	-3124.366849	-3124.366849	0
LOC409643	-4873.017376	-4873.017376	0
LOC409662	-3266.560863	-3266.560863	0
LOC409667	-1189.615669	-1189.615669	0
LOC409670	-8489.550855	-8489.550855	0
LOC409673	-31252.775521	-31252.775521	0
LOC409689	-6429.300858	-6429.300858	0
LOC409704	-6892.506714	-6892.506714	0
LOC409724	-7590.906187	-7590.906187	0
LOC409726	-7547.742566	-7547.742566	0
LOC409736	-5981.132939	-5981.132939	0
LOC409740	-3625.819881	-3625.571959	0.495844
LOC409749	-1615.791943	-1615.791943	0
LOC409762	-2220.815542	-2220.815542	0
LOC409769	-5933.602259	-5933.602259	0
LOC409791	-3361.438409	-3361.438409	0
LOC409795	-13922.831079	-13922.831079	0
LOC409814	-9398.004175	-9398.004175	0
LOC409833	-5599.211577	-5599.211577	0
LOC409838	-8521.363459	-8521.363459	0
LOC409852	-6700.948421	-6700.788766	0.31931
LOC409857	-1343.778062	-1343.778062	0
LOC409860	-7693.557236	-7693.557236	0
LOC409863	-2783.778283	-2783.778283	0
LOC409900	-2511.296806	-2511.296806	0
LOC409905	-7199.745557	-7199.745557	0
LOC409909	-4060.257751	-4060.257751	0
LOC409910	-1749.490194	-1749.489927	0.000534
LOC409911	-6217.651958	-6217.651958	0
LOC409920	-1191.606280	-1191.373300	0.46596
LOC409924	-5826.361871	-5826.361871	0
LOC409925	-1953.895283	-1953.895283	0
LOC409928	-9812.558253	-9812.558253	0
LOC409930	-2420.730266	-2420.730266	0
LOC409941	-10066.509702	-10066.509702	0
LOC409945	-6574.577408	-6574.577408	0
LOC409976	-3429.362294	-3429.362294	0
LOC410039	-5377.395248	-5377.395248	0
LOC410055	-3524.467110	-3524.447728	0.038764
LOC410059	-5543.470698	-5543.470698	0
LOC410087	-3983.091019	-3983.091019	0
LOC410091	-4568.729629	-4568.729629	0
LOC410097	-17916.877014	-17916.877014	0
LOC410105	-6454.747997	-6454.747997	0
LOC410107	-8852.851719	-8852.851719	0
LOC410118	-6277.883813	-6277.883813	0
LOC410155	-4.813935	-4.813935	0
LOC410157	-1647.854379	-1647.854379	0
LOC410159	-16596.819574	-16596.819574	0
LOC410172	-5745.558854	-5745.558854	0
LOC410183	-19188.946568	-19188.946568	0
LOC410241	-1790.784644	-1790.784644	0
LOC410257	-4607.581413	-4607.581413	0
LOC410270	-7505.445390	-7505.445390	0
LOC410283	-3336.380408	-3336.380408	0
LOC410286	-10637.126401	-10637.126401	0
LOC410289	-10181.616335	-10181.616335	0
LOC410337	-11359.575652	-11359.575652	0
LOC410338	-4587.470351	-4587.470351	0
LOC410371	-12212.043912	-12212.043912	0
LOC410376	-3831.962281	-3831.962281	0
LOC410379	-11907.027529	-11907.027529	0
LOC410383	-7112.772343	-7112.772343	0
LOC410395	-1773.151451	-1773.151451	0
LOC410414	-11955.090697	-11955.090697	0
LOC410420	-3313.234013	-3313.234013	0
LOC410451	-8118.336154	-8118.336154	0
LOC410456	-4898.723315	-4898.723315	0
LOC410470	-5494.507762	-5493.908934	1.19766
LOC410484	-10041.685528	-10041.685528	0
LOC410485	-11482.452509	-11482.452509	0
LOC410510	-11033.100070	-11033.100070	0
LOC410512	-4896.876483	-4896.876483	0
LOC410525	-1721.438280	-1721.438280	0
LOC410538	-10289.828053	-10289.828053	0
LOC410542	-6069.476837	-6069.476837	0
LOC410550	-8430.822501	-8430.822501	0
LOC410561	-2759.372698	-2759.372698	0
LOC410571	-16231.145254	-16231.145254	0
LOC410575	-3906.297087	-3906.128879	0.336416
LOC410577	-2898.452078	-2898.452078	0
LOC410583	-6365.935018	-6365.935018	0
LOC410585	-21861.579820	-21861.579820	0
LOC410618	-5969.766253	-5969.680200	0.172106
LOC410630	-14539.821180	-14546.467626	-13.2929
LOC410636	-1932.345356	-1931.768102	1.15451
LOC410663	-1727.270623	-1727.270623	0
LOC410664	-9268.978818	-9268.978818	0
LOC410719	-5100.393223	-5100.393223	0
LOC410732	-5467.910986	-5467.910986	0
LOC410811	-9057.470425	-9057.470425	0
LOC410812	-2064.511040	-2063.896068	1.22994
LOC410821	-3496.979415	-3499.154889	-4.35095
LOC410837	-2899.354419	-2898.991802	0.725234
LOC410860	-3819.023197	-3819.019589	0.007216
LOC410879	-6006.868109	-6006.868109	0
LOC410907	-5264.981073	-5264.981073	0
LOC410911	-5910.889228	-5910.889228	0
LOC410938	-6609.802125	-6609.802125	0
LOC410940	-19506.777071	-19506.777071	0
LOC410943	-3823.312985	-3823.312985	0
LOC410952	-4503.890205	-4503.890205	0
LOC410969	-2271.352376	-2271.352376	0
LOC410973	-1731.431439	-1731.431439	0
LOC410985	-3799.173740	-3799.173740	0
LOC411043	-7234.276358	-7234.224556	0.103604
LOC411048	-2846.806785	-2846.806785	0
LOC411054	-6034.551210	-6034.551210	0
LOC411070	-14447.136833	-14447.136833	0
LOC411088	-2119.727751	-2119.727751	0
LOC411100	-4150.270702	-4150.270702	0
LOC411115	-41785.994511	-41785.994511	0
LOC411147	-9623.099171	-9622.188267	1.82181
LOC411148	-6835.748034	-6835.748034	0
LOC411163	-6437.990650	-6437.990650	0
LOC411164	-5700.107089	-5700.107089	0
LOC411167	-7798.632852	-7798.632852	0
LOC411188	-5933.255542	-5933.255542	0
LOC411191	-2118.896494	-2118.280500	1.23199
LOC411214	-4468.817739	-4468.817739	0
LOC411233	-10157.991477	-10157.991477	0
LOC411249	-13779.743651	-13779.743651	0
LOC411260	-1230.960530	-1230.507296	0.906468
LOC411261	-10230.353065	-10230.353065	0
LOC411270	-9217.871920	-9217.871920	0
LOC411288	-4610.468515	-4610.468515	0
LOC411295	-2904.292763	-2904.292763	0
LOC411306	-4865.029991	-4865.029991	0
LOC411335	-2946.349692	-2946.349692	0
LOC411347	-2003.237892	-2001.644941	3.1859
LOC411365	-3107.614190	-3107.614190	0
LOC411391	-3575.697063	-3575.697063	0
LOC411404	-5958.123160	-5958.123160	0
LOC411408	-2539.973537	-2539.973537	0
LOC411447	-7533.706966	-7533.706966	0
LOC411458	-6734.739331	-6734.739331	0
LOC411473	-8588.059977	-8588.059977	0
LOC411474	-21661.703623	-21661.703623	0
LOC411490	-7369.389905	-7369.389905	0
LOC411509	-4218.661261	-4218.661261	0
LOC411510	-4691.404775	-4691.404775	0
LOC411519	-5563.066116	-5563.066116	0
LOC411524	-2757.037539	-2757.037539	0
LOC411540	-8586.717625	-8586.717625	0
LOC411545	-11280.794704	-11281.854758	-2.12011
LOC411552	-4242.959712	-4242.959712	0
LOC411564	-14030.651067	-14030.651067	0
LOC411566	-14218.741286	-14218.741286	0
LOC411633	-4609.523735	-4609.523735	0
LOC411639	-48635.712933	-48635.712933	0
LOC411654	-4235.777161	-4235.777161	0
LOC411665	-3321.656027	-3321.656027	0
LOC411698	-4871.567790	-4871.567790	0
LOC411699	-12832.706330	-12832.706330	0
LOC411719	-5304.123096	-5304.123096	0
LOC411722	-4590.654764	-4590.654764	0
LOC411724	-14143.018632	-14143.018632	0
LOC411730	-11611.070327	-11611.070327	0
LOC411731	-10028.777220	-10028.777220	0
LOC411732	-2912.307843	-2912.307843	0
LOC411789	-2794.346764	-2794.346764	0
LOC411794	-6340.581174	-6340.153277	0.855794
LOC411799	-7235.695827	-7235.695827	0
LOC411839	-6510.045613	-6510.045613	0
LOC411856	-3807.644754	-3807.644754	0
LOC411875	-6716.552121	-6716.552121	0
LOC411892	-4104.710282	-4104.710282	0
LOC411904	-10904.704575	-10904.669851	0.069448
LOC411906	-13908.517759	-13908.517759	0
LOC411915	-4488.252145	-4488.252145	0
LOC411923	-13327.088726	-13327.088726	0
LOC411972	-5820.558219	-5820.558219	0
LOC411980	-7728.755066	-7728.755066	0
LOC411982	-3166.855544	-3166.833780	0.043528
LOC411985	-16605.369137	-16605.369137	0
LOC412003	-9388.450117	-9388.450117	0
LOC412005	-4702.820088	-4702.820088	0
LOC412018	-8717.823133	-8717.823133	0
LOC412024	-3838.025225	-3838.025225	0
LOC412025	-9371.947740	-9371.947740	0
LOC412027	-5536.434079	-5536.434079	0
LOC412030	-1637.890820	-1637.275172	1.2313
LOC412046	-22702.382814	-22702.382814	0
LOC412064	-2906.442318	-2906.700604	-0.516572
LOC412069	-6735.589540	-6735.589540	0
LOC412082	-3644.066351	-3644.066351	0
LOC412097	-12673.044649	-12673.044649	0
LOC412115	-11929.720473	-11929.720473	0
LOC412148	-2795.725979	-2795.725979	0
LOC412150	-11119.900827	-11119.900827	0
LOC412167	-11438.859600	-11438.859600	0
LOC412177	-7312.189908	-7312.189908	0
LOC412195	-6444.541224	-6444.541224	0
LOC412198	-22076.205416	-22076.205416	0
LOC412200	-9257.012776	-9257.012776	0
LOC412232	-4358.109056	-4358.109056	0
LOC412235	-4087.799919	-4087.799919	0
LOC412245	-6785.167503	-6785.167503	0
LOC412247	-4510.152375	-4510.152375	0
LOC412263	-13181.393077	-13181.393077	0
LOC412276	-3720.306337	-3720.306337	0
LOC412277	-5276.042198	-5276.042198	0
LOC412278	-20100.310669	-20106.700300	-12.7793
LOC412282	-16552.472379	-16552.472379	0
LOC412287	-6883.687475	-6883.687475	0
LOC412294	-4669.774671	-4669.774671	0
LOC412303	-3567.910146	-3567.910146	0
LOC412332	-15622.277632	-15622.277632	0
LOC412339	-3670.760195	-3670.760195	0
LOC412348	-2747.437800	-2747.437800	0
LOC412366	-4187.774969	-4187.774969	0
LOC412378	-3228.639209	-3228.639209	0
LOC412410	-7187.349335	-7187.349335	0
LOC412422	-19983.038779	-19971.354935	23.3677
LOC412423	-5520.724385	-5520.724385	0
LOC412467	-7106.281492	-7106.281492	0
LOC412470	-6914.860747	-6914.860747	0
LOC412526	-4469.978343	-4469.978343	0
LOC412540	-6658.998669	-6658.998669	0
LOC412547	-1360.526089	-1360.526089	0
LOC412554	-3050.340844	-3050.340844	0
LOC412563	-6229.673909	-6229.673909	0
LOC412573	-6775.832947	-6775.832946	2e-06
LOC412578	-2031.400963	-2031.393874	0.014178
LOC412580	-7029.478717	-7029.478717	0
LOC412598	-4694.922753	-4694.922753	0
LOC412612	-5355.966475	-5355.966475	0
LOC412619	-5596.858406	-5596.858407	-2e-06
LOC412623	-13042.321227	-13042.321227	0
LOC412624	-9616.888387	-9616.888387	0
LOC412647	-4428.724260	-4428.724260	0
LOC412670	-5999.805668	-5999.805668	0
LOC412675	-5415.576580	-5415.576580	0
LOC412687	-5091.400087	-5091.400087	0
LOC412690	-4618.367692	-4618.367692	0
LOC412750	-12133.685462	-12133.685463	-2e-06
LOC412762	-4392.186130	-4392.186130	0
LOC412810	-13650.040746	-13650.040746	0
LOC412816	-3362.197312	-3362.197312	0
LOC412851	-4281.584727	-4281.584727	0
LOC412870	-1230.959386	-1230.959386	0
LOC412878	-21376.079896	-21376.079896	0
LOC412889	-5892.324838	-5892.324838	0
LOC412931	-6693.434554	-6693.434554	0
LOC412933	-4706.606701	-4706.606701	0
LOC412950	-9966.946736	-9966.946736	0
LOC412956			0
LOC413006	-3937.283940	-3937.283940	0
LOC413011	-6537.247113	-6537.247113	0
LOC413030	-3243.782853	-3243.782853	0
LOC413032	-10861.303982	-10861.303982	0
LOC413065	-3367.865069	-3367.865069	0
LOC413074	-15785.885080	-15785.885080	0
LOC413087	-9266.644675	-9266.644675	0
LOC413101	-5137.972255	-5137.972255	0
LOC413106	-8427.792013	-8427.792013	0
LOC413110	-2346.169631	-2346.169631	0
LOC413119	-9905.609271	-9905.609271	0
LOC413126	-7983.720598	-7983.720597	2e-06
LOC413133	-4608.446230	-4608.446230	0
LOC413153	-6820.856094	-6820.856094	0
LOC413179	-2624.929315	-2624.929315	0
LOC413194	-6040.587057	-6040.587057	0
LOC413196	-3032.511510	-3032.511510	0
LOC413208	-7425.578979	-7425.578979	0
LOC413228	-7179.364136	-7179.364136	0
LOC413233	-9523.623533	-9523.623533	0
LOC413240	-2588.103060	-2588.103060	0
LOC413242	-9239.042523	-9239.042523	0
LOC413246	-1756.438179	-1753.203270	6.46982
LOC413250	-8319.923895	-8319.923895	0
LOC413271	-6050.652831	-6050.652831	0
LOC413275	-3468.397495	-3467.416317	1.96236
LOC413297	-3439.382208	-3439.382208	0
LOC413305	-8360.540311	-8360.540311	0
LOC413365	-4186.322437	-4186.322437	0
LOC413383	-3989.119916	-3989.119916	0
LOC413389	-7715.577693	-7715.577693	0
LOC413394	-2011.582069	-2011.582069	0
LOC413411	-8519.086876	-8519.086876	0
LOC413430	-5814.384583	-5814.290585	0.187996
LOC413489	-6371.012141	-6371.012141	0
LOC413495	-3062.056885	-3062.056885	0
LOC413510	-16189.675949	-16189.675949	0
LOC413520	-3290.354507	-3290.354507	0
LOC413529	-6606.303182	-6606.303182	0
LOC413534	-5874.499631	-5874.499631	0
LOC413542	-14125.895435	-14125.895435	0
LOC413544	-7345.674869	-7345.674869	0
LOC413567	-4586.291087	-4586.291087	0
LOC413573	-3458.595608	-3458.595608	0
LOC413575	-10347.638207	-10347.638207	0
LOC413576	-8645.412126	-8645.412126	0
LOC413579	-6942.364802	-6942.364802	0
LOC413583	-5827.275335	-5827.275335	0
LOC413601	-3131.188280	-3131.188280	0
LOC413614	-1777.958697	-1777.958697	0
LOC413619	-2282.145612	-2282.145612	0
LOC413643	-5602.632586	-5602.632586	0
LOC413668	-9636.083151	-9636.083151	0
LOC413672	-8877.508926	-8877.508926	0
LOC413678	-6233.354948	-6233.354948	0
LOC413688	-6350.762120	-6350.762120	0
LOC413699	-6571.609172	-6571.592276	0.033792
LOC413713	-9213.272086	-9213.272086	0
LOC413736	-6734.965094	-6734.926369	0.07745
LOC413742	-8683.351049	-8683.351049	0
LOC413772	-6426.280548	-6426.280548	0
LOC413782	-10266.257674	-10265.108076	2.2992
LOC413796	-13427.286251	-13427.286251	0
LOC413815	-5047.210510	-5047.210510	0
LOC413827	-3028.348844	-3028.043858	0.609972
LOC413854	-10463.159306	-10463.159306	0
LOC413873	-19698.924645	-19698.924645	0
LOC413878	-7952.101025	-7952.101025	0
LOC413881	-1661.599412	-1661.599412	0
LOC413889	-4361.187387	-4361.187387	0
LOC413909	-6446.897254	-6446.897254	0
LOC413914	-3645.864718	-3645.864718	0
LOC413916	-3319.805128	-3319.805128	0
LOC413917	-7397.719147	-7397.689031	0.060232
LOC413950	-12378.569175	-12378.569175	0
LOC413976	-2373.351852	-2373.351852	0
LOC413987	-6250.338242	-6250.338242	0
LOC414009	-7151.432876	-7151.432876	0
LOC414027	-1939.026273	-1939.026273	0
LOC414035	-3400.839978	-3400.839978	0
LOC414039	-1060.430045	-1060.430045	0
LOC494509	-4045.416270	-4045.416270	0
LOC550659	-4026.387525	-4026.387525	0
LOC550695	-7795.042940	-7795.042940	0
LOC550701	-4189.026666	-4189.026666	0
LOC550710	-2253.958536	-2253.958536	0
LOC550716	-16268.245499	-16268.245499	0
LOC550767	-3208.267504	-3208.267504	0
LOC550780	-3219.489295	-3219.489295	0
LOC550789	-4110.423666	-4110.423666	0
LOC550804	-8583.644338	-8583.644338	0
LOC550829	-21940.691993	-21941.554516	-1.72505
LOC550834	-813.149891	-813.149891	0
LOC550869	-6635.418980	-6635.418980	0
LOC550881	-2524.119701	-2524.115977	0.007448
LOC550884	-6810.022143	-6810.022143	0
LOC550885	-6900.213462	-6900.213462	0
LOC550901	-4657.882672	-4657.882672	0
LOC550903	-10060.782334	-10060.782334	0
LOC550955	-3013.198582	-3013.198582	0
LOC550970	-2253.395362	-2253.395362	0
LOC550998	-3089.494916	-3089.494916	0
LOC551009	-7251.495704	-7251.495704	0
LOC551012	-7930.379248	-7930.379248	0
LOC551036	-4705.173671	-4705.173671	0
LOC551042	-2721.792883	-2721.792883	0
LOC551057	-3199.726397	-3199.726397	0
LOC551088	-5548.925633	-5548.925633	0
LOC551093	-7064.541429	-7064.541429	0
LOC551100	-3023.097721	-3023.129139	-0.062836
LOC551114	-2323.000410	-2323.000410	0
LOC551116	-3511.128907	-3511.128907	0
LOC551133	-4738.300755	-4738.300755	0
LOC551177	-1927.656220	-1927.656220	0
LOC551194	-6819.207755	-6819.207755	0
LOC551198	-3717.693198	-3717.685135	0.016126
LOC551207	-9927.604407	-9927.484745	0.239324
LOC551208	-4445.661412	-4445.661412	0
LOC551212	-8434.224695	-8434.224695	0
LOC551219	-7511.758958	-7511.758958	0
LOC551231	-4941.535806	-4941.535806	0
LOC551248	-1833.145427	-1833.145427	0
LOC551276	-6572.460315	-6572.460315	0
LOC551290	-5731.744783	-5733.411920	-3.33427
LOC551304	-616.719313	-616.719313	0
LOC551314	-10210.177684	-10210.177684	0
LOC551324	-5233.447786	-5233.447786	0
LOC551353	-2673.029089	-2673.029089	0
LOC551364	-5759.088142	-5759.088142	0
LOC551379	-6005.474721	-6005.474721	0
LOC551381	-1153.788197	-1153.788197	0
LOC551384	-4599.293194	-4599.293194	0
LOC551392	-5842.738551	-5842.738551	0
LOC551395	-6393.875972	-6393.875972	0
LOC551398	-14739.386645	-14739.386645	0
LOC551405	-6967.348553	-6967.348553	0
LOC551413	-1999.001835	-1999.001835	0
LOC551414	-4298.879825	-4298.879825	0
LOC551416	-6697.992724	-6697.992724	0
LOC551425	-12984.476657	-12984.476657	0
LOC551426	-4216.389934	-4216.389934	0
LOC551435	-7487.701875	-7487.701875	0
LOC551439	-4179.370921	-4179.370921	0
LOC551441	-3476.210942	-3476.210942	0
LOC551445	-3839.702798	-3839.702798	0
LOC551447	-5450.601133	-5450.601133	0
LOC551448	-3110.663182	-3110.713180	-0.099996
LOC551452	-4843.674144	-4843.674144	0
LOC551457	-4506.793884	-4506.793884	0
LOC551467	-4959.543503	-4959.543503	0
LOC551484	-8683.954783	-8683.954783	0
LOC551500	-12773.716001	-12773.716001	0
LOC551501	-2173.300819	-2173.300819	0
LOC551517	-5412.839530	-5412.839530	0
LOC551530	-22896.963028	-22899.107767	-4.28948
LOC551549	-6426.877620	-6426.877620	0
LOC551554	-1725.507978	-1725.507982	-8e-06
LOC551578	-9700.985859	-9700.985859	0
LOC551581	-6621.212587	-6621.054880	0.315414
LOC551589	-2400.083302	-2400.083302	0
LOC551602	-7259.681146	-7259.681146	0
LOC551603	-2239.629778	-2239.629778	0
LOC551607	-1222.491840	-1222.491840	0
LOC551608	-5510.575127	-5510.575127	0
LOC551618	-6340.297893	-6340.297893	0
LOC551619	-11117.947673	-11117.947673	0
LOC551629	-16505.065189	-16505.065189	0
LOC551631	-8629.582934	-8629.582934	0
LOC551642	-5157.613723	-5157.613723	0
LOC551662	-3113.410896	-3113.410896	0
LOC551664	-4219.544804	-4219.544804	0
LOC551668	-12719.910478	-12719.910478	0
LOC551679	-2571.225967	-2571.225967	0
LOC551683	-4677.390046	-4677.076035	0.628022
LOC551695	-775.176371	-775.176371	0
LOC551699	-5545.382256	-5545.382256	0
LOC551709	-13616.424163	-13618.579100	-4.30987
LOC551712	-6053.419452	-6053.419452	0
LOC551721	-5469.183042	-5469.215878	-0.065672
LOC551732	-4432.793766	-4432.793766	0
LOC551749	-8032.021235	-8032.021235	0
LOC551753	-18512.346553	-18512.346553	0
LOC551755	-1398.137006	-1398.137006	0
LOC551757	-2033.514660	-2033.514660	0
LOC551794	-2250.405694	-2250.279476	0.252436
LOC551806	-4523.060230	-4523.060230	0
LOC551815	-5095.646463	-5095.646463	0
LOC551817	-1586.059216	-1586.059216	0
LOC551819	-5320.996146	-5320.996146	0
LOC551827	-4300.612212	-4300.612212	0
LOC551847	-4569.429307	-4569.429307	0
LOC551872	-3577.167257	-3577.167257	0
LOC551882	-2999.643499	-2999.643499	0
LOC551890	-5375.930433	-5375.930433	0
LOC551892	-3562.209233	-3562.209982	-0.001498
LOC551898	-1331.297317	-1329.433094	3.72845
LOC551912	-1039.145137	-1039.145137	0
LOC551922	-2206.534387	-2206.124840	0.819094
LOC551952	-3779.224673	-3779.224673	0
LOC551961	-1620.001963	-1620.001963	0
LOC551962	-2938.879763	-2938.755515	0.248496
LOC551964	-7887.381602	-7887.381602	0
LOC551969	-7051.000823	-7051.000823	0
LOC551970	-15413.621933	-15413.621933	0
LOC551972	-5722.881786	-5722.881786	0
LOC551980	-3298.724010	-3298.724010	0
LOC551982	-2492.271673	-2492.271673	0
LOC551986	-4590.274107	-4590.274107	0
LOC552000	-2614.850223	-2614.850223	0
LOC552003	-3052.616765	-3052.616765	0
LOC552009	-3750.362525	-3750.362525	0
LOC552036	-5939.446913	-5939.446913	0
LOC552043	-3809.008923	-3808.912578	0.19269
LOC552051	-3763.593241	-3763.593241	0
LOC552056	-6047.829050	-6047.829050	0
LOC552091	-4491.184054	-4491.184054	0
LOC552093	-3915.976990	-3915.976990	0
LOC552095	-16130.521249	-16130.521249	0
LOC552124	-3106.976087	-3106.976087	0
LOC552138	-1796.321294	-1796.127146	0.388296
LOC552139	-3839.228771	-3839.228771	0
LOC552141	-3414.970483	-3414.970483	0
LOC552144	-6868.134469	-6868.134469	0
LOC552145	-2053.281039	-2053.281039	0
LOC552150	-4887.940529	-4887.940529	0
LOC552156	-6453.634427	-6458.239401	-9.20995
LOC552161	-1461.674942	-1461.674942	0
LOC552163	-5991.267937	-5991.267937	0
LOC552180	-1768.473726	-1768.473726	0
LOC552181	-3411.141368	-3411.141368	0
LOC552191	-4869.860980	-4869.860980	0
LOC552194	-6174.811227	-6174.811227	0
LOC552196	-2468.223788	-2468.223788	0
LOC552197	-4252.746174	-4252.746174	0
LOC552204	-1882.017705	-1882.017705	0
LOC552213	-2022.402261	-2022.402261	0
LOC552237	-2356.917694	-2356.917694	0
LOC552245	-8798.110722	-8798.110722	0
LOC552246	-4609.972239	-4609.972239	0
LOC552247	-9202.970030	-9202.970030	0
LOC552249	-18846.009921	-18846.009921	0
LOC552254	-5437.835299	-5437.835299	0
LOC552263	-4100.473884	-4100.473884	0
LOC552278	-4499.391531	-4499.391531	0
LOC552283	-3830.202677	-3830.202677	0
LOC552315	-3593.021078	-3593.014407	0.013342
LOC552327	-4878.349679	-4878.349679	0
LOC552348	-2184.763336	-2184.763336	0
LOC552353	-1857.640274	-1857.640274	0
LOC552377	-4696.519956	-4696.519956	0
LOC552392	-5091.998300	-5091.998300	0
LOC552398	-4579.474271	-4579.474271	0
LOC552403	-1386.413766	-1386.413767	-2e-06
LOC552410	-1334.111639	-1334.111639	0
LOC552413	-3958.115752	-3958.115752	0
LOC552417	-7226.634010	-7226.634010	0
LOC552419	-2051.224601	-2051.224601	0
LOC552424	-3298.026171	-3298.026171	0
LOC552426	-2632.896824	-2628.313639	9.16637
LOC552432	-5856.565121	-5856.565121	0
LOC552441	-2882.642496	-2882.642496	0
LOC552443	-2459.606690	-2459.606691	-2e-06
LOC552449	-2514.211327	-2514.211327	0
LOC552451	-4834.497953	-4834.495490	0.004926
LOC552455	-7504.733511	-7504.733511	0
LOC552460	-1443.364192	-1443.364192	0
LOC552476	-1291.053818	-1291.053818	0
LOC552479	-9825.576120	-9825.576120	0
LOC552485	-5727.916941	-5728.734576	-1.63527
LOC552488	-5058.417634	-5058.161454	0.51236
LOC552495	-10388.025562	-10388.025562	0
LOC552496	-9496.770068	-9496.770068	0
LOC552501	-1707.700007	-1707.700006	2e-06
LOC552510	-7496.015469	-7496.015469	0
LOC552511	-3711.258867	-3711.258867	0
LOC552516	-3835.194528	-3835.194528	0
LOC552520	-4006.791243	-4006.789391	0.003704
LOC552522	-7295.161930	-7295.161930	0
LOC552528	-8203.223008	-8203.223008	0
LOC552529	-1442.897344	-1442.897344	0
LOC552531	-1152.354139	-1152.354139	0
LOC552533	-6642.050865	-6642.050865	0
LOC552549	-5889.385696	-5889.385696	0
LOC552551	-1410.182131	-1410.182131	0
LOC552562	-5268.616743	-5268.616743	0
LOC552566	-6554.923213	-6554.923213	0
LOC552571	-7719.480173	-7719.480173	0
LOC552590	-4501.852872	-4500.537581	2.63058
LOC552592	-7814.412866	-7814.412865	2e-06
LOC552599	-1710.907778	-1710.907778	0
LOC552607	-3788.375687	-3788.375687	0
LOC552641	-5458.189552	-5458.189552	0
LOC552643	-9170.517202	-9170.517202	0
LOC552654	-2661.739556	-2661.739556	0
LOC552656	-6490.512258	-6490.512258	0
LOC552658	-12933.322822	-12933.322822	0
LOC552662	-5091.191628	-5091.191628	0
LOC552674	-12033.129777	-12033.129777	0
LOC552686	-2401.125398	-2401.361332	-0.471868
LOC552688	-3353.364015	-3353.364015	0
LOC552696	-5000.149929	-5000.149929	0
LOC552715	-3691.770781	-3691.770781	0
LOC552719	-1353.312931	-1353.303521	0.01882
LOC552720	-2773.928856	-2773.928856	0
LOC552721	-2721.088163	-2721.088163	0
LOC552723	-6979.636825	-6979.636825	0
LOC552725	-7209.797188	-7209.797188	0
LOC552730	-1987.929449	-1987.929449	0
LOC552734	-3606.682377	-3606.682377	0
LOC552745	-5319.317732	-5319.317732	0
LOC552747	-8771.052830	-8771.052830	0
LOC552748	-5417.159840	-5417.159840	0
LOC552756	-5467.610027	-5467.610027	0
LOC552766	-5316.948265	-5316.948265	0
LOC552769	-3740.785834	-3740.785834	0
LOC552772	-1484.736913	-1484.736913	0
LOC552776	-7488.963640	-7488.963640	0
LOC552779	-1764.823912	-1764.823912	0
LOC552787	-10210.026290	-10210.026290	0
LOC552794	-14945.960584	-14945.960584	0
LOC552797	-3950.013609	-3950.013609	0
LOC552802	-1568.030510	-1567.872120	0.31678
LOC552804	-5445.365725	-5445.365725	0
LOC552807	-1728.648737	-1728.648737	0
LOC552827	-647.771104	-647.771104	0
LOC552832	-4644.097854	-4644.097854	0
LOC552839			0
LOC724169	-2677.855476	-2677.855476	0
LOC724170	-5171.574888	-5171.574888	0
LOC724188	-1175.263993	-1175.263993	0
LOC724215	-19339.055997	-19339.055997	0
LOC724216	-4442.767293	-4442.767293	0
LOC724218	-4689.647675	-4689.647675	0
LOC724239	-5502.097731	-5502.097731	0
LOC724241	-1180.841674	-1180.841674	0
LOC724247	-7251.152263	-7251.152263	0
LOC724256	-2888.203843	-2888.203843	0
LOC724291	-5076.180347	-5076.180347	0
LOC724292	-5268.238628	-5267.752575	0.972106
LOC724296	-9731.683943	-9731.683943	0
LOC724303	-1623.555438	-1623.555438	0
LOC724323	-4953.594903	-4953.594903	0
LOC724339	-7436.355706	-7436.355706	0
LOC724341	-3285.203217	-3285.203217	0
LOC724343	-1736.498614	-1736.498614	0
LOC724350	-2647.430264	-2647.430253	2.2e-05
LOC724365	-1515.988069	-1515.988069	0
LOC724366	-1865.377904	-1865.377902	4e-06
LOC724386	-3060.757038	-3060.757038	0
LOC724407			0
LOC724408	-1497.026023	-1497.026023	0
LOC724423	-25686.768143	-25686.768143	0
LOC724432	-4420.276216	-4420.276216	0
LOC724443	-4987.380246	-4987.380246	0
LOC724486	-1580.549309	-1580.549309	0
LOC724488	-3320.427829	-3320.427829	0
LOC724496	-6299.223819	-6299.223819	0
LOC724510	-13880.844231	-13880.844231	0
LOC724533	-1635.691831	-1635.691831	0
LOC724542	-9427.936252	-9427.936252	0
LOC724625	-693.014415	-693.014415	0
LOC724630	-1306.240236	-1306.240236	0
LOC724648	-2499.942920	-2499.942920	0
LOC724654	-1840.215155	-1840.215155	0
LOC724656	-11820.559309	-11837.033267	-32.9479
LOC724700	-5593.182815	-5593.182815	0
LOC724703	-8094.812256	-8094.812256	0
LOC724704	-5382.813055	-5382.813055	0
LOC724710	-3303.835589	-3303.835589	0
LOC724741	-9706.065067	-9706.065067	0
LOC724742	-4379.764940	-4379.764940	0
LOC724769	-1434.616841	-1434.616841	0
LOC724786	-1657.005288	-1657.005288	0
LOC724790	-3181.640663	-3181.640663	0
LOC724794	-1300.200182	-1300.200182	0
LOC724798	-5222.269489	-5222.269489	0
LOC724809	-9234.652023	-9234.652023	0
LOC724827	-2956.666668	-2956.239992	0.853352
LOC724863	-8295.140882	-8295.140882	0
LOC724865	-13040.189710	-13040.189710	0
LOC724885	-3005.019861	-3005.019861	0
LOC724888	-1163.770834	-1163.770834	0
LOC724891	-7399.155007	-7399.155007	0
LOC724896	-901.492393	-901.492393	0
LOC724926	-10588.842295	-10588.842295	0
LOC724930	-8418.794362	-8418.794362	0
LOC724932	-5560.029959	-5560.029959	0
LOC724947	-3718.869491	-3718.869237	0.000508
LOC724948	-10865.941810	-10865.941810	0
LOC724953	-2904.164429	-2904.164429	0
LOC724954	-1909.952849	-1909.952849	0
LOC725023	-5977.642580	-5977.642580	0
LOC725026	-5288.961893	-5288.961893	0
LOC725044	-5835.219562	-5835.219562	0
LOC725055	-608.631531	-608.631291	0.00048
LOC725111	-11550.963238	-11550.963238	0
LOC725142	-937.014352	-937.014352	0
LOC725143	-4413.030654	-4413.030654	0
LOC725146	-4300.046207	-4300.046207	0
LOC725149	-12513.500744	-12513.500744	0
LOC725178	-8410.499324	-8410.499324	0
LOC725184	-1254.613416	-1254.613416	0
LOC725204	-4043.743150	-4043.743150	0
LOC725216	-23565.574845	-23565.574845	0
LOC725238	-4056.237246	-4056.237246	0
LOC725240	-1341.311036	-1341.311036	0
LOC725261	-1900.444821	-1900.444821	0
LOC725266	-1599.199068	-1599.199068	0
LOC725306	-25304.914370	-25304.914370	0
LOC725316	-1530.847079	-1530.847079	0
LOC725320	-9132.068560	-9131.955643	0.225834
LOC725325	-6943.467174	-6943.467174	0
LOC725330	-6679.173919	-6679.173919	0
LOC725343	-7655.995390	-7655.995390	0
LOC725345	-1108.384026	-1108.384026	0
LOC725348	-5122.082138	-5122.082138	0
LOC725362	-3369.829217	-3369.829217	0
LOC725363	-4359.399967	-4359.399967	0
LOC725368	-5173.115480	-5173.115480	0
LOC725374	-2598.006549	-2598.006549	0
LOC725388	-8547.408614	-8547.408614	0
LOC725416	-1605.500201	-1605.500201	0
LOC725459	-3233.122555	-3233.122555	0
LOC725477	-7607.898467	-7607.898467	0
LOC725478	-2647.465657	-2647.465657	0
LOC725486	-10195.809557	-10195.809557	0
LOC725491	-2186.618308	-2186.618308	0
LOC725496	-5601.108337	-5601.108337	0
LOC725505	-2994.155693	-2994.155693	0
LOC725512	-7059.306697	-7059.306697	0
LOC725529	-3794.820268	-3794.820268	0
LOC725539	-7674.137995	-7674.137995	0
LOC725551	-2735.472888	-2735.472888	0
LOC725552	-9507.520004	-9507.520004	0
LOC725566	-1883.097354	-1883.097354	0
LOC725569	-4840.086301	-4840.086301	0
LOC725571	-5633.045460	-5633.045460	0
LOC725572	-1223.960716	-1223.960716	0
LOC725576	-8929.038127	-8929.038127	0
LOC725603	-2563.109740	-2563.109740	0
LOC725609	-852.022214	-852.022214	0
LOC725611	-20448.417944	-20448.417944	0
LOC725612	-13439.949365	-13455.221618	-30.5445
LOC725628	-3088.105385	-3088.105385	0
LOC725633	-1652.407947	-1652.407947	0
LOC725641	-1071.248373	-1071.248373	0
LOC725661	-7090.771139	-7090.771139	0
LOC725686	-929.313208	-929.313208	0
LOC725688	-2391.296991	-2391.296991	0
LOC725690	-4185.859829	-4185.859829	0
LOC725701	-7065.117606	-7065.117606	0
LOC725705	-1294.908540	-1294.908540	0
LOC725719	-14051.746342	-14051.746342	0
LOC725744	-2708.322963	-2708.322963	0
LOC725753	-3534.661710	-3534.661710	0
LOC725756	-6741.205193	-6741.205193	0
LOC725770	-9181.409547	-9181.409547	0
LOC725780	-4298.012713	-4298.012713	0
LOC725801	-4894.798480	-4894.798480	0
LOC725835	-1358.582485	-1358.582485	0
LOC725856	-1569.503077	-1569.503077	0
LOC725880	-784.867810	-784.867810	0
LOC725881	-3507.895167	-3503.859253	8.07183
LOC725896	-6156.899446	-6156.899446	0
LOC725899	-5315.620521	-5315.620521	0
LOC725922	-7209.479500	-7209.479500	0
LOC725942	-1793.809768	-1793.809768	0
LOC725947	-695.925200	-695.925200	0
LOC726002	-14648.657354	-14648.657354	0
LOC726015	-3664.045890	-3663.932520	0.22674
LOC726030	-9831.369894	-9831.369894	0
LOC726040	-12592.978042	-12592.978042	0
LOC726061	-1373.007479	-1373.007479	0
LOC726095	-4065.364958	-4065.364958	0
LOC726102	-7499.667351	-7499.667351	0
LOC726118	-1701.599511	-1701.599511	0
LOC726131	-1224.494495	-1224.494495	0
LOC726163	-2996.436047	-2996.436047	0
LOC726164	-2473.851746	-2472.132765	3.43796
LOC726167	-3205.911243	-3205.911243	0
LOC726172	-4143.506892	-4143.506892	0
LOC726187	-9018.771790	-9018.771790	0
LOC726197	-2042.178181	-2042.178181	0
LOC726205	-3176.726641	-3176.726641	0
LOC726212	-8518.819358	-8518.819358	0
LOC726221	-1608.135128	-1606.711084	2.84809
LOC726227	-6973.105386	-6973.105386	0
LOC726237	-3795.525484	-3795.525484	0
LOC726239	-3954.092400	-3954.092400	0
LOC726240	-1815.244314	-1815.244314	0
LOC726253	-2810.047573	-2810.047573	0
LOC726255	-5096.886058	-5096.886058	0
LOC726289	-2508.580715	-2508.580715	0
LOC726302	-2534.335598	-2534.335598	0
LOC726303	-3610.800125	-3610.800125	0
LOC726310	-12833.920451	-12833.920451	0
LOC726315	-7364.749920	-7364.749920	0
LOC726352	-3608.046869	-3608.046869	0
LOC726380	-4381.649474	-4381.649474	0
LOC726389	-5692.119319	-5692.082027	0.074584
LOC726409	-1904.633285	-1904.633285	0
LOC726414	-11917.813220	-11917.813220	0
LOC726418	-6032.561491	-6032.212137	0.698708
LOC726428	-2633.952021	-2633.952021	0
LOC726497	-27787.902934	-27791.274821	-6.74377
LOC726498	-1537.208168	-1533.580428	7.25548
LOC726500	-1422.111140	-1422.111140	0
LOC726540	-15813.642770	-15813.642770	0
LOC726562	-8075.803661	-8075.803661	0
LOC726579	-8541.061367	-8541.061367	0
LOC726583	-10064.768180	-10064.768180	0
LOC726609	-1844.782869	-1844.782869	0
LOC726626	-2244.454338	-2244.454338	0
LOC726637	-9587.853037	-9587.853037	0
LOC726666	-913.318536	-913.318536	0
LOC726720	-1803.400715	-1803.400715	0
LOC726721	-686.181886	-686.181886	0
LOC726742	-13839.456141	-13839.456141	0
LOC726747	-1750.580180	-1750.580180	0
LOC726754	-4804.982733	-4804.982733	0
LOC726760	-8963.814446	-8963.814446	0
LOC726800	-4872.019539	-4872.019539	0
LOC726811	-4432.680386	-4432.680386	0
LOC726812	-6195.908146	-6195.908146	0
LOC726822	-2817.509751	-2817.509751	0
LOC726826	-5671.388315	-5671.388315	0
LOC726850	-1872.815292	-1872.815292	0
LOC726869	-7606.505074	-7606.505074	0
LOC726872	-2534.682044	-2534.682044	0
LOC726887	-3265.613976	-3265.613976	0
LOC726890	-4026.212456	-4025.872383	0.680146
LOC726923	-1197.433683	-1197.433683	0
LOC726928	-12041.334525	-12041.334525	0
LOC726947	-7450.615836	-7450.615836	0
LOC726958	-2630.065501	-2630.065501	0
LOC726983	-7617.217441	-7617.217441	0
LOC726999	-3883.244015	-3875.701667	15.0847
LOC727004	-2402.102796	-2402.102796	0
LOC727009	-9836.239419	-9836.239419	0
LOC727022	-8905.617483	-8905.617483	0
LOC727025	-589.044256	-589.044256	0
LOC727027	-8368.981304	-8368.981304	0
LOC727048	-3671.720307	-3671.720307	0
LOC727116	-2538.918477	-2538.670429	0.496096
LOC727122	-1120.547832	-1120.547832	0
LOC727146	-10185.109982	-10185.109982	0
LOC727186	-1440.748593	-1440.748593	0
LOC727229	-9289.180240	-9289.180240	0
LOC727237	-6712.941716	-6712.941716	0
LOC727238	-25799.504630	-25799.504630	0
LOC727299	-5623.837242	-5623.837242	0
LOC727303	-5355.042803	-5355.042803	0
LOC727320	-7653.314862	-7653.314862	0
LOC727378	-934.450563	-934.450563	0
LOC727396	-14772.821705	-14772.821705	0
LOC727420	-4405.391492	-4405.391492	0
LOC727456			0
LOC727495	-11483.094694	-11483.094694	0
LOC727539	-3916.207652	-3916.207652	0
LOC727582	-4868.075023	-4868.075023	0
LOC727622	-5655.471540	-5655.471540	0
LOC727634	-5974.074891	-5973.858820	0.432142
LOC727652	-17758.546144	-17758.546144	0
NOS	-14238.032638	-14238.032638	0
PGRP-S3	-2048.101014	-2047.870687	0.460654
Ppib	-2074.693697	-2074.693697	0
PPO	-8204.457872	-8204.457872	0
Pten	-1744.811433	-1744.811433	0
Rnft2	-5998.702194	-5998.702194	0
RpL35	-1630.626902	-1630.626902	0
Smb	-1754.295329	-1754.295329	0
Snf	-2303.835166	-2303.793568	0.083196
STT3B	-7329.496637	-7329.496637	0
Tpi	-2709.777969	-2709.777969	0
Tspan6	-4810.761441	-4803.481306	14.5603
Usp	-4545.596529	-4545.596529	0
Vg	-42588.534812	-42588.534812	0
Vha16	-1298.027822	-1298.027822	0
Gene	lnL_Null	lnL_Alt	LRT
LOC406097	-8158.219840	-8158.219840	0
LOC408358	-19058.819940	-19058.819940	0
LOC408391	-4453.430533	-4453.430077	0.000912
LOC408426	-3244.526836	-3244.526836	0
LOC408438	-14420.426521	-14420.426521	0
LOC408717	-3369.198180	-3369.198180	0
LOC408808	-14390.145976	-14390.145976	0
LOC408834	-4231.909254	-4232.171698	-0.524888
LOC408851	-1540.908131	-1540.908041	0.00018
LOC408924	-6085.743714	-6085.743714	0
LOC409036	-1418.842317	-1418.758001	0.168632
LOC409055	-4803.980105	-4803.980105	0
LOC409125	-17227.405555	-17227.405555	0
LOC409165	-5612.858958	-5612.858958	0
LOC409226	-7896.607922	-7896.607922	0
LOC409286	-3549.051981	-3549.051981	0
LOC409334	-9969.381970	-9969.381970	0
LOC409336	-3555.958192	-3555.958192	0
LOC409341	-5691.812186	-5691.812186	0
LOC409365	-14223.749270	-14223.749270	0
LOC409386	-1132.587831	-1132.587831	0
LOC409393	-26672.756045	-26672.756045	0
LOC409495	-4289.724268	-4289.724268	0
LOC409523	-3504.000336	-3504.000336	0
LOC409529	-1965.872802	-1965.872802	0
LOC411270	-9217.871920	-9217.871920	0
LOC411295	-2904.292763	-2904.292763	0
LOC411519	-5563.066116	-5563.066116	0
LOC411566	-14218.741286	-14218.741286	0
LOC411639	-48635.712933	-48635.712933	0
LOC411892	-4104.710282	-4104.710282	0
LOC411915	-4488.252145	-4488.252145	0
LOC411980	-7728.755066	-7728.755066	0
LOC552062	-5449.811004	-5449.811004	0
LOC102654146	-4551.272661	-4551.272661	0
LOC411083	-11663.112618	-11663.112618	0
LOC411457	-5571.780627	-5571.780627	0
LOC411796	-5309.875954	-5309.875954	0
LOC551837	-12220.257070	-12220.257070	0
LOC551931	-3242.245806	-3242.245783	4.6e-05
LOC726476	-4808.311492	-4808.311493	-2e-06
