Gene	lnL_Null	lnL_Alt	LRT
Arp1	-3666.895155	-3666.895149	1.2e-05
B-gluc1	-8574.636901	-8574.636901	0
Cox6c	-1488.901464	-1488.901464	0
CPR14	-1849.550455	-1847.930303	3.2403
CPR19	-3256.191408	-3246.031394	20.32
CSP6	-1980.492021	-1980.492021	0
CytC	-1419.983173	-1419.300431	1.36548
Dcr-1	-17089.419402	-17037.668354	103.502
Dl	-10531.140717	-10530.151259	1.97892
Dnmt3	-9957.590534	-9957.590534	0
Ecr	-4685.566343	-4682.834847	5.46299
egh	-5751.012843	-5751.012843	0
FAR1	-7148.074170	-7148.074170	0
Gat-1B	-7452.560352	-7403.061065	98.9986
Gat-a	-7591.100997	-7591.100997	0
Gfat2	-9215.081440	-9215.081440	0
GlnS	-5413.170318	-5409.956678	6.42728
GstD1	-4384.706494	-4380.651353	8.11028
GstS4	-3262.478771	-3259.239264	6.47901
Imd	-4527.113009	-4527.113009	0
Jtb	-8374.323647	-8374.323647	0
KAT2A	-9483.831166	-9452.243973	63.1744
LOC100379261	-6101.753726	-6098.895252	5.71695
LOC100576099	-2094.979397	-2092.188354	5.58209
LOC100576186	-7579.085033	-7579.085033	0
LOC100576195	-1540.506071	-1539.035505	2.94113
LOC100576337	-3435.846143	-3427.962735	15.7668
LOC100576383	-6944.530825	-6944.530825	0
LOC100576411	-9064.855276	-9064.741822	0.226908
LOC100576527	-8833.591324	-8831.171420	4.83981
LOC100576646	-3361.554338	-3361.554338	0
LOC100576649	-8762.205326	-8762.205326	0
LOC100576660	-9026.803795	-9013.511819	26.584
LOC100576742	-15609.966972	-15609.261563	1.41082
LOC100576795	-3887.284917	-3887.284917	0
LOC100576801	-3753.661082	-3753.661082	0
LOC100576818	-4880.134924	-4878.931061	2.40773
LOC100576819	-7679.464790	-7675.974523	6.98053
LOC100576826	-3583.138173	-3583.138173	0
LOC100576862	-6292.705612	-6291.093798	3.22363
LOC100577002	-8138.355528	-8133.258296	10.1945
LOC100577019	-478.828216	-473.537833	10.5808
LOC100577050	-8149.907725	-8149.907725	0
LOC100577053	-9030.509078	-9030.509078	0
LOC100577136	-5982.015515	-5967.892471	28.2461
LOC100577140	-8765.403104	-8743.985440	42.8353
LOC100577174	-18788.265840	-18788.265840	0
LOC100577196	-9771.696165	-9768.657083	6.07816
LOC100577401	-16691.452365	-16691.452365	0
LOC100577423	-5058.407124	-5058.407124	0
LOC100577481	-7684.613734	-7684.613734	0
LOC100577493	-9552.290566	-9552.290566	0
LOC100577519			0
LOC100577687	-7342.204728	-7342.204728	0
LOC100577690	-2327.460802	-2325.557265	3.80707
LOC100577763	-37593.902092	-37593.439448	0.925288
LOC100577764	-1764.794435	-1764.690720	0.20743
LOC100577841	-4299.635972	-4299.635972	0
LOC100577870	-1455.706144	-1455.706144	0
LOC100577972	-67384.873136	-67380.447968	8.85034
LOC100578030	-5503.263810	-5499.898965	6.72969
LOC100578035	-3697.346076	-3697.346076	0
LOC100578071	-27454.759551	-27454.759551	0
LOC100578156	-4121.585638	-4121.585638	0
LOC100578168	-2228.421622	-2227.474472	1.8943
LOC100578209	-4742.202862	-4742.120685	0.164354
LOC100578215	-6356.323061	-6356.323061	0
LOC100578235	-1911.951991	-1911.951991	0
LOC100578255	-23330.671838	-23328.355294	4.63309
LOC100578277	-1114.379500	-1114.379500	0
LOC100578329	-9298.803038	-9298.538240	0.529596
LOC100578356	-19589.180129	-19589.029814	0.30063
LOC100578380	-2966.578294	-2966.578262	6.4e-05
LOC100578433	-22943.871008	-22943.871008	0
LOC100578450	-11515.890749	-11515.890749	0
LOC100578537	-11221.388180	-11221.204052	0.368256
LOC100578560	-1650.089099	-1650.089099	0
LOC100578586	-10980.203889	-10980.183636	0.040506
LOC100578697	-2798.850758	-2798.850758	0
LOC100578725	-1114.999326	-1098.247315	33.504
LOC100578875	-4994.379931	-4994.379931	0
LOC100578893	-11033.251910	-11008.332285	49.8393
LOC102653793	-5578.406145	-5578.406145	0
LOC102653879	-4449.539106	-4449.539106	0
LOC102653930	-1475.309282	-1475.037840	0.542884
LOC102653951	-1919.977796	-1898.221276	43.513
LOC102654014	-3590.849860	-3590.849860	0
LOC102654165	-4722.677037	-4722.677037	0
LOC102654312	-5275.233926	-5275.141001	0.18585
LOC102654349	-959.008669	-959.008669	0
LOC102654365	-8187.375288	-8185.047574	4.65543
LOC102654610	-3855.882052	-3855.882052	0
LOC102654621	-6701.650050	-6701.650050	0
LOC102654987	-2043.500189	-2036.231959	14.5365
LOC102655219	-4878.798431	-4878.798431	0
LOC102655244	-9659.735976	-9659.051890	1.36817
LOC102655259	-9876.068941	-9851.520754	49.0964
LOC102655470	-548.973069	-548.079293	1.78755
LOC102655679	-3346.582768	-3346.403163	0.35921
LOC102655688	-7853.554312	-7853.554312	0
LOC102655836	-6361.145040	-6360.612166	1.06575
LOC102655877	-4943.507312	-4943.507312	0
LOC102655904	-1650.579537	-1645.139522	10.88
LOC102655948	-4157.324459	-4157.035016	0.578886
LOC102656183	-1840.598968	-1840.598968	0
LOC102656263	-2862.010085	-2862.010085	0
LOC102656287	-1672.361968	-1672.361968	0
LOC107963993	-5520.727987	-5520.727987	0
LOC107964089	-2767.731901	-2767.731901	0
LOC107964507	-1443.433677	-1443.433677	0
LOC107965021	-1491.637550	-1491.637550	0
LOC107965199	-9226.334049	-9226.334030	3.8e-05
LOC107965225	-2525.950346	-2525.914241	0.07221
LOC107965250	-5525.250137	-5523.168559	4.16316
LOC107965266	-6703.378267	-6701.656056	3.44442
LOC107965508	-3971.131629	-3971.131629	0
LOC107965749	-5552.023337	-5552.023337	0
LOC107965828	-3755.011750	-3755.004100	0.0153
LOC113218526	-11241.948773	-11230.585602	22.7263
LOC113218534	-4988.840074	-4988.768330	0.143488
LOC113218670	-2779.881102	-2779.881102	0
LOC406097	-8164.879363	-8163.957696	1.84333
LOC406114	-9792.245134	-9792.166374	0.15752
LOC408271	-6690.280617	-6690.280617	0
LOC408286	-12232.237782	-12232.237782	0
LOC408303	-5194.287425	-5194.287425	0
LOC408312	-7837.518676	-7829.314079	16.4092
LOC408355	-5886.732145	-5886.705926	0.052438
LOC408358	-19065.715144	-19062.824426	5.78144
LOC408369	-3172.450276	-3172.450276	0
LOC408391	-4453.430104	-4453.430103	2e-06
LOC408402	-7158.965895	-7158.965895	0
LOC408421	-9025.439903	-9025.211153	0.4575
LOC408426	-3231.730586	-3231.730586	0
LOC408434	-5856.788958	-5856.781118	0.01568
LOC408438	-14422.199396	-14420.820138	2.75852
LOC408458	-13000.423232	-13000.423232	0
LOC408461	-3731.207750	-3731.207750	0
LOC408474	-9903.013044	-9902.344532	1.33702
LOC408501	-15066.180398	-15066.180398	0
LOC408511	-3707.055368	-3676.066094	61.9785
LOC408520	-3351.042745	-3335.332865	31.4198
LOC408533	-16632.439635	-16632.439635	0
LOC408573	-2861.080138	-2861.080138	0
LOC408575	-4880.453705	-4880.453705	0
LOC408592	-6449.645667	-6449.645667	0
LOC408597	-4363.255241	-4363.255241	0
LOC408649	-7009.851912	-7009.851912	0
LOC408661	-9151.963412	-9128.625169	46.6765
LOC408668	-11315.531991	-11311.188715	8.68655
LOC408687	-3716.775032	-3706.815779	19.9185
LOC408717	-3368.831261	-3367.367974	2.92657
LOC408741	-4275.623398	-4270.674024	9.89875
LOC408742	-8631.943344	-8631.943344	0
LOC408748	-1990.291785	-1982.845258	14.8931
LOC408766	-2711.084969	-2710.871921	0.426096
LOC408774	-41830.438930	-41829.214140	2.44958
LOC408785	-3382.615012	-3382.615012	0
LOC408791	-15394.442288	-15390.032432	8.81971
LOC408793	-11758.105347	-11758.105347	0
LOC408804	-12014.038613	-12014.038613	0
LOC408808	-14408.049192	-14408.048659	0.001066
LOC408815	-18475.545054	-18474.082515	2.92508
LOC408819	-2222.559557	-2197.374102	50.3709
LOC408827	-3148.013484	-3113.623006	68.781
LOC408833	-3062.361241	-3062.361241	0
LOC408834	-4225.950069	-4225.599335	0.701468
LOC408851	-1543.521472	-1543.521472	0
LOC408871	-5895.322651	-5895.322651	0
LOC408892	-5269.035762	-5269.035762	0
LOC408906	-7500.557315	-7500.557315	0
LOC408924	-6091.316908	-6091.316908	0
LOC408925	-9685.290154	-9685.290157	-6e-06
LOC408955	-6713.034715	-6713.034715	0
LOC408971	-2075.824935	-2070.373407	10.9031
LOC408979	-5551.714622	-5551.714622	0
LOC408989	-9897.460589	-9896.507244	1.90669
LOC409004	-1719.289538	-1719.289538	0
LOC409023	-5134.326043	-5134.326043	0
LOC409026	-3219.524885	-3213.871571	11.3066
LOC409032	-11852.257023	-11845.513629	13.4868
LOC409036	-1422.459910	-1422.459910	0
LOC409041	-3897.224799	-3878.902172	36.6453
LOC409055	-4805.297193	-4805.297193	0
LOC409068	-4634.574404	-4634.574404	0
LOC409098	-13359.480709	-13359.480709	0
LOC409103	-4361.017981	-4355.795769	10.4444
LOC409125	-17263.595722	-17263.595722	0
LOC409157	-7969.923461	-7952.544114	34.7587
LOC409165	-5609.013124	-5608.090317	1.84561
LOC409179	-5766.163138	-5751.216828	29.8926
LOC409180	-6512.551638	-6497.602057	29.8992
LOC409189	-5527.296029	-5527.296029	0
LOC409196	-7741.355932	-7741.355932	0
LOC409201	-1888.466358	-1879.991397	16.9499
LOC409203	-8522.853685	-8522.853685	0
LOC409226	-7896.607922	-7896.607922	0
LOC409245	-4574.761553	-4574.761553	0
LOC409249	-13674.923475	-13674.922106	0.002738
LOC409260	-6628.906008	-6628.906008	0
LOC409263	-3953.035619	-3953.035619	0
LOC409265	-7543.134628	-7543.134628	0
LOC409270	-5555.566643	-5555.566643	0
LOC409271	-24406.259312	-24401.217590	10.0834
LOC409286	-3534.438897	-3510.822459	47.2329
LOC409292	-4088.949445	-4088.949445	0
LOC409308	-763.917338	-763.917338	0
LOC409320	-3028.753929	-3024.917859	7.67214
LOC409329	-3775.529978	-3775.529978	0
LOC409334	-9978.716182	-9978.648481	0.135402
LOC409336	-3559.934378	-3542.215965	35.4368
LOC409341	-5688.471381	-5688.471381	0
LOC409361	-2637.618142	-2637.618142	0
LOC409365	-14227.845881	-14225.376102	4.93956
LOC409373	-3670.518373	-3667.837702	5.36134
LOC409377	-7258.474593	-7191.820870	133.307
LOC409386	-1132.587832	-1132.587832	0
LOC409388	-3110.711909	-3110.711909	0
LOC409393	-26675.724983	-26670.889570	9.67083
LOC409410	-5471.514072	-5465.481307	12.0655
LOC409411	-3618.549340	-3618.549340	0
LOC409425	-11363.102263	-11363.102263	0
LOC409427	-4577.810850	-4577.551927	0.517846
LOC409441	-4692.432350	-4679.169802	26.5251
LOC409465	-71.878313	-68.636062	6.4845
LOC409488	-3491.926969	-3467.122886	49.6082
LOC409491	-4488.329498	-4487.818643	1.02171
LOC409495	-4289.787512	-4289.507048	0.560928
LOC409499	-4249.685855	-4244.237560	10.8966
LOC409511	-3877.758592	-3877.758592	0
LOC409520	-2974.878534	-2970.767794	8.22148
LOC409523	-3504.000336	-3504.000336	0
LOC409529	-1950.204480	-1929.149760	42.1094
LOC409538	-1996.921714	-1996.190403	1.46262
LOC409559	-6154.657830	-6154.657830	0
LOC409586	-2958.697434	-2956.818949	3.75697
LOC409607	-3239.819560	-3221.933479	35.7722
LOC409633	-3130.113417	-3130.113417	0
LOC409643	-4873.153216	-4873.153216	0
LOC409662	-3265.968630	-3265.968630	0
LOC409667	-1189.960102	-1189.960102	0
LOC409670	-8493.928857	-8493.928857	0
LOC409673	-31277.067617	-31277.067617	0
LOC409689	-6430.479235	-6430.479235	0
LOC409704	-6899.911781	-6899.911781	0
LOC409724	-7591.269822	-7591.269822	0
LOC409726	-7547.879019	-7547.879019	0
LOC409736	-5981.152386	-5981.152386	0
LOC409740	-3626.273796	-3626.068408	0.410776
LOC409749	-1615.643892	-1615.643892	0
LOC409762	-2220.877690	-2220.877690	0
LOC409769	-5924.454304	-5904.250759	40.4071
LOC409791	-3344.243479	-3335.383739	17.7195
LOC409795	-13926.418616	-13908.224995	36.3872
LOC409814	-9405.711878	-9405.711878	0
LOC409833	-5599.842943	-5599.842943	0
LOC409838	-8521.691275	-8521.299639	0.783272
LOC409852	-6703.687094	-6703.053832	1.26652
LOC409857	-1341.809063	-1339.508490	4.60115
LOC409860	-7696.486934	-7695.170487	2.63289
LOC409863	-2782.307744	-2770.561034	23.4934
LOC409900	-2508.466619	-2508.466619	0
LOC409905	-7204.796162	-7204.796162	0
LOC409909	-4060.299685	-4060.132655	0.33406
LOC409910	-1749.490152	-1749.489920	0.000464
LOC409911	-6217.592840	-6216.831859	1.52196
LOC409920	-1186.188660	-1170.959096	30.4591
LOC409924	-5821.189646	-5806.708763	28.9618
LOC409925	-1961.399339	-1961.399339	0
LOC409928	-9806.134650	-9805.997803	0.273694
LOC409930	-2423.084558	-2423.084558	0
LOC409941	-10077.128156	-10076.278174	1.69996
LOC409945	-6605.817351	-6605.817351	0
LOC409976	-3412.413324	-3390.941610	42.9434
LOC410039	-5381.946982	-5381.317083	1.2598
LOC410055	-3524.498809	-3524.498809	0
LOC410059	-5601.000127	-5600.795082	0.41009
LOC410087	-3984.590630	-3984.216846	0.747568
LOC410091	-4545.177103	-4541.522141	7.30992
LOC410097	-17935.557349	-17935.432251	0.250196
LOC410105	-6457.322353	-6456.999421	0.645864
LOC410107	-8858.754520	-8858.754520	0
LOC410118	-6282.106882	-6281.655356	0.903052
LOC410155	-4.813935	-4.813935	0
LOC410157	-1649.285728	-1649.285728	0
LOC410159	-16598.514151	-16598.514151	0
LOC410172	-5755.295873	-5755.295873	0
LOC410183	-19191.068290	-19191.068290	0
LOC410241	-1791.679326	-1791.679326	0
LOC410257	-4610.873407	-4610.873407	0
LOC410270	-7507.452484	-7499.566511	15.7719
LOC410283	-3340.137510	-3340.137510	0
LOC410286	-10625.000962	-10573.825406	102.351
LOC410289	-10185.913071	-10183.740084	4.34597
LOC410337	-11363.476062	-11350.477236	25.9977
LOC410338	-4591.568242	-4591.568242	0
LOC410371	-12168.684090	-12116.961358	103.445
LOC410376	-3836.988904	-3836.988904	0
LOC410379	-11928.571217	-11923.475271	10.1919
LOC410383	-7110.445489	-7110.445489	0
LOC410395	-1773.151451	-1773.151451	0
LOC410414	-11960.456856	-11960.456856	0
LOC410420	-3315.362311	-3315.362311	0
LOC410451	-8131.466103	-8131.466103	0
LOC410456	-4912.274952	-4879.185280	66.1793
LOC410470	-5494.583459	-5494.583459	0
LOC410484	-10049.142083	-10049.142083	0
LOC410485	-11483.921292	-11483.921292	0
LOC410510	-11038.738061	-11038.129334	1.21745
LOC410512	-4898.775162	-4897.662937	2.22445
LOC410525	-1721.438280	-1721.438280	0
LOC410538	-10302.003253	-10301.969993	0.06652
LOC410542	-6070.882526	-6070.882526	0
LOC410550	-8433.822873	-8422.653879	22.338
LOC410561	-2759.304583	-2759.304583	0
LOC410571	-16252.257650	-16251.034360	2.44658
LOC410575	-3907.717005	-3905.661264	4.11148
LOC410577	-2901.867441	-2894.888305	13.9583
LOC410583	-6369.114582	-6369.114582	0
LOC410585	-21868.190932	-21860.568148	15.2456
LOC410618	-5971.277555	-5971.277555	0
LOC410630	-14546.467691	-14546.467635	0.000112
LOC410636	-1933.050444	-1928.749222	8.60244
LOC410663	-1727.270623	-1727.270623	0
LOC410664	-9275.460605	-9275.460605	0
LOC410719	-5100.393223	-5100.393223	0
LOC410732	-5445.666473	-5428.536193	34.2606
LOC410811	-9057.470425	-9057.470425	0
LOC410812	-2059.258306	-2045.303190	27.9102
LOC410821	-3480.320726	-3466.270440	28.1006
LOC410837	-2914.301443	-2913.358576	1.88573
LOC410860	-3799.735765	-3755.842195	87.7871
LOC410879	-6013.239647	-6011.056477	4.36634
LOC410907	-5266.035904	-5266.035904	0
LOC410911	-5911.134387	-5911.134387	0
LOC410938	-6619.144780	-6619.142115	0.00533
LOC410940	-19507.227741	-19507.227741	0
LOC410943	-3823.312985	-3823.312985	0
LOC410952	-4500.556283	-4475.202488	50.7076
LOC410969	-2271.352376	-2271.352376	0
LOC410973	-1734.051655	-1734.051655	0
LOC410985	-3802.121867	-3802.121867	0
LOC411043	-7237.731493	-7237.731493	0
LOC411048	-2805.639306	-2786.614227	38.0502
LOC411054	-5939.136982	-5885.694312	106.885
LOC411070	-14447.632084	-14447.627962	0.008244
LOC411088	-2119.727751	-2119.727751	0
LOC411100	-4163.051033	-4163.051033	0
LOC411115	-41791.985754	-41791.985726	5.6e-05
LOC411147	-9623.877938	-9623.877938	0
LOC411148	-6837.284856	-6837.284856	0
LOC411163	-6437.990650	-6437.990650	0
LOC411164	-5704.891245	-5704.891245	0
LOC411167	-7820.626638	-7820.626638	0
LOC411188	-5934.874358	-5934.874358	0
LOC411191	-2118.272573	-2118.159601	0.225944
LOC411214	-4386.314607	-4341.764671	89.0999
LOC411233	-10186.130067	-10185.158145	1.94384
LOC411249	-13792.937572	-13789.204728	7.46569
LOC411260	-1230.857058	-1228.208590	5.29694
LOC411261	-10244.876954	-10244.876954	0
LOC411270	-9279.218228	-9276.061390	6.31368
LOC411288	-4610.468515	-4610.468515	0
LOC411295	-2906.233137	-2906.233137	0
LOC411306	-4869.126989	-4869.126989	0
LOC411335	-2947.011813	-2947.011813	0
LOC411347	-1994.913812	-1974.453225	40.9212
LOC411365	-3111.529964	-3110.475705	2.10852
LOC411391	-3575.872703	-3575.872703	0
LOC411404	-5958.168879	-5958.070473	0.196812
LOC411408	-2550.711746	-2550.711746	0
LOC411447	-7536.987696	-7536.987696	0
LOC411458	-6689.233938	-6641.520620	95.4266
LOC411473	-8588.717151	-8587.524622	2.38506
LOC411474	-21584.972040	-21517.862048	134.22
LOC411490	-7372.604087	-7372.604087	0
LOC411509	-4233.661855	-4233.661855	0
LOC411510	-4696.833022	-4696.593341	0.479362
LOC411519	-5560.233240	-5559.172799	2.12088
LOC411524	-2759.046787	-2758.275038	1.5435
LOC411540	-8586.891723	-8586.891723	0
LOC411545	-11280.894225	-11280.894225	0
LOC411552	-4239.789219	-4235.791826	7.99479
LOC411564	-14039.030204	-14037.543735	2.97294
LOC411566	-14218.189586	-14217.031663	2.31585
LOC411633	-4616.463785	-4616.463785	0
LOC411639	-48645.140220	-48633.280884	23.7187
LOC411654	-4248.369841	-4248.369841	0
LOC411665	-3280.811517	-3248.841062	63.9409
LOC411698	-4874.157708	-4873.919478	0.47646
LOC411699	-12849.966022	-12848.111982	3.70808
LOC411719	-5304.003717	-5303.998942	0.00955
LOC411722	-4601.671162	-4601.671162	0
LOC411724	-14177.706534	-14176.899557	1.61395
LOC411730	-11622.607992	-11622.607574	0.000836
LOC411731	-10037.044086	-10036.641822	0.804528
LOC411732	-2912.292822	-2912.292822	0
LOC411789	-2794.346764	-2794.346764	0
LOC411794	-6350.083314	-6345.955704	8.25522
LOC411799	-7239.399874	-7239.399874	0
LOC411839	-6514.017208	-6509.061438	9.91154
LOC411856	-3808.335682	-3808.335682	0
LOC411875	-6720.490558	-6720.490558	0
LOC411892	-4104.710282	-4104.710282	0
LOC411904	-10908.074114	-10907.667026	0.814176
LOC411906	-13909.923835	-13909.923835	0
LOC411915	-4488.252145	-4488.252145	0
LOC411923	-13348.186316	-13348.186316	0
LOC411972	-5818.470044	-5817.566429	1.80723
LOC411980	-7731.620555	-7731.620555	0
LOC411982	-3174.159330	-3174.159330	0
LOC411985	-16613.525041	-16613.525041	0
LOC412003	-9380.168032	-9376.488565	7.35893
LOC412005	-4702.879152	-4702.879152	0
LOC412018	-8718.566594	-8716.786801	3.55959
LOC412024	-3838.025225	-3838.025225	0
LOC412025	-9396.814619	-9387.957478	17.7143
LOC412027	-5536.031746	-5536.031746	0
LOC412030	-1636.884989	-1632.318317	9.13334
LOC412046	-22704.362606	-22701.723127	5.27896
LOC412064	-2906.700604	-2906.700604	0
LOC412069	-6717.370204	-6703.607315	27.5258
LOC412082	-3647.300953	-3647.300953	0
LOC412097	-12673.044649	-12673.044649	0
LOC412115	-11922.563055	-11922.563055	0
LOC412148	-2795.732220	-2795.732220	0
LOC412150	-11130.183358	-11120.526929	19.3129
LOC412167	-11448.606844	-11420.807957	55.5978
LOC412177	-7311.475905	-7311.403205	0.1454
LOC412195	-6473.488392	-6473.109533	0.757718
LOC412198	-22088.404061	-22088.404061	0
LOC412200	-9275.765205	-9275.765205	0
LOC412232	-4358.814306	-4357.344080	2.94045
LOC412235	-4098.722568	-4098.008784	1.42757
LOC412245	-6787.856967	-6787.856967	0
LOC412247	-4527.009918	-4526.371922	1.27599
LOC412263	-13180.633377	-13170.309016	20.6487
LOC412276	-3724.078557	-3722.979014	2.19909
LOC412277	-5277.447859	-5275.841504	3.21271
LOC412278	-20106.700300	-20106.700300	0
LOC412282	-16566.686059	-16566.686059	0
LOC412287	-6876.900444	-6855.494883	42.8111
LOC412294	-4676.448198	-4676.430111	0.036174
LOC412303	-3565.654362	-3565.172332	0.96406
LOC412332	-15630.716920	-15630.716920	0
LOC412339	-3671.499867	-3671.103790	0.792154
LOC412348	-2698.315983	-2672.117683	52.3966
LOC412366	-4188.821202	-4184.191584	9.25924
LOC412378	-3228.792681	-3228.792681	0
LOC412410	-7199.160408	-7199.055704	0.209408
LOC412422	-20053.945697	-20053.840975	0.209444
LOC412423	-5522.454440	-5522.454440	0
LOC412467	-7132.732396	-7132.732396	0
LOC412470	-6866.784993	-6827.971673	77.6266
LOC412526	-4471.676498	-4469.349102	4.65479
LOC412540	-6665.956131	-6665.956131	0
LOC412547	-1363.004335	-1363.004335	0
LOC412554	-3051.435638	-3051.435637	2e-06
LOC412563	-6241.688753	-6241.688753	0
LOC412573	-6803.562545	-6803.273632	0.577826
LOC412578	-2034.124358	-2034.121732	0.005252
LOC412580	-7028.350103	-7028.350103	0
LOC412598	-4695.747540	-4694.039125	3.41683
LOC412612	-5358.046689	-5358.046689	0
LOC412619	-5596.858406	-5596.858406	0
LOC412623	-13045.817818	-13045.817818	0
LOC412624	-9639.965857	-9638.544063	2.84359
LOC412647	-4441.901867	-4441.901867	0
LOC412670	-5991.458337	-5990.807773	1.30113
LOC412675	-5425.063759	-5424.430791	1.26594
LOC412687	-5085.594271	-5084.420003	2.34854
LOC412690	-4618.371165	-4618.371165	0
LOC412750	-12134.973854	-12128.242095	13.4635
LOC412762	-4392.169163	-4392.169163	0
LOC412810	-13641.405895	-13636.160192	10.4914
LOC412816	-3364.622389	-3364.622389	0
LOC412851	-4278.218230	-4270.693471	15.0495
LOC412870	-1230.959386	-1230.959386	0
LOC412878	-21376.295616	-21375.551143	1.48895
LOC412889	-5894.898905	-5890.553729	8.69035
LOC412931	-6700.189997	-6700.189997	0
LOC412933	-4706.606701	-4706.606701	0
LOC412950	-9968.226485	-9968.226485	0
LOC412956	-5006.687857	-4977.734378	57.907
LOC413006	-3936.881751	-3936.881751	0
LOC413011	-6542.596167	-6542.596167	0
LOC413030	-3243.829008	-3243.829008	0
LOC413032	-10861.237773	-10861.237773	0
LOC413065	-3369.518910	-3369.518910	0
LOC413074	-15810.545281	-15809.993444	1.10367
LOC413087	-9267.625470	-9263.220797	8.80935
LOC413101	-5104.244027	-5092.499588	23.4889
LOC413106	-8428.401291	-8428.401291	0
LOC413110	-2325.361346	-2313.433619	23.8555
LOC413119	-9890.342832	-9877.831646	25.0224
LOC413126	-7983.720597	-7983.720596	2e-06
LOC413133	-4608.541701	-4604.395273	8.29286
LOC413153	-6798.128023	-6798.128023	0
LOC413179	-2621.275394	-2616.101939	10.3469
LOC413194	-6046.238632	-6046.238632	0
LOC413196	-3032.623456	-3032.623456	0
LOC413208	-7416.643736	-7399.203914	34.8796
LOC413228	-7183.660663	-7183.637136	0.047054
LOC413233	-9525.354733	-9525.354733	0
LOC413240	-2590.079870	-2590.079870	0
LOC413242	-9239.381847	-9236.503772	5.75615
LOC413246	-1734.529675	-1679.151658	110.756
LOC413250	-8327.212415	-8321.853700	10.7174
LOC413271	-6042.868806	-6035.593137	14.5513
LOC413275	-3470.758433	-3465.631769	10.2533
LOC413297	-3440.755141	-3440.755141	0
LOC413305	-8379.939131	-8377.117987	5.64229
LOC413365	-4213.459018	-4213.459018	0
LOC413383	-3973.289849	-3937.864617	70.8505
LOC413389	-7716.213417	-7716.213417	0
LOC413394	-2011.849152	-2011.849152	0
LOC413411	-8485.411888	-8461.294873	48.234
LOC413430	-5816.123525	-5816.123525	0
LOC413489	-6379.670113	-6379.670113	0
LOC413495	-3062.590928	-3061.853300	1.47526
LOC413510	-16116.660493	-16060.083055	113.155
LOC413520	-3290.549850	-3290.549850	0
LOC413529	-6611.421353	-6611.421353	0
LOC413534	-5884.977867	-5884.977866	2e-06
LOC413542	-14149.363550	-14149.363550	0
LOC413544	-7349.571404	-7349.571404	0
LOC413567	-4575.629967	-4567.581341	16.0973
LOC413573	-3467.501776	-3467.501776	0
LOC413575	-10350.663345	-10330.960010	39.4067
LOC413576	-8638.593956	-8627.073572	23.0408
LOC413579	-6944.530825	-6944.530825	0
LOC413583	-5831.610457	-5828.268731	6.68345
LOC413601	-3137.284367	-3137.284367	0
LOC413614	-1777.958697	-1777.958697	0
LOC413619	-2282.145612	-2282.145612	0
LOC413643	-5607.497904	-5607.497904	0
LOC413668	-9634.811572	-9619.381022	30.8611
LOC413672	-8879.804202	-8879.804202	0
LOC413678	-6233.048494	-6233.048494	0
LOC413688	-6346.831898	-6346.715592	0.232612
LOC413699	-6574.910620	-6574.910620	0
LOC413713	-9202.568204	-9201.904068	1.32827
LOC413736	-6735.031920	-6735.031917	6e-06
LOC413742	-8691.260677	-8691.260677	0
LOC413772	-6427.033226	-6427.033226	0
LOC413782	-10267.213010	-10267.213010	0
LOC413796	-13424.725492	-13407.907635	33.6357
LOC413815	-5048.315980	-5046.517444	3.59707
LOC413827	-3012.183995	-2981.334457	61.6991
LOC413854	-10471.774117	-10471.774117	0
LOC413873	-19650.534725	-19554.405658	192.258
LOC413878	-7962.192127	-7962.192127	0
LOC413881	-1659.209279	-1659.209279	0
LOC413889	-4361.759921	-4359.728615	4.06261
LOC413909	-6451.970542	-6451.970542	0
LOC413914	-3645.864718	-3645.864718	0
LOC413916	-3320.673244	-3320.673244	0
LOC413917	-7412.134168	-7412.134167	2e-06
LOC413950	-12384.336170	-12377.332219	14.0079
LOC413976	-2373.857876	-2373.857876	0
LOC413987	-6251.130042	-6251.130042	0
LOC414009	-7154.772382	-7154.772382	0
LOC414027	-1939.026273	-1939.026273	0
LOC414035	-3395.139196	-3383.118426	24.0415
LOC414039	-1060.430038	-1060.430038	0
LOC494509	-4055.211741	-4053.498584	3.42631
LOC550659	-4026.567615	-4026.567615	0
LOC550695	-7789.543762	-7769.838369	39.4108
LOC550701	-4189.251155	-4189.251155	0
LOC550710	-2253.958536	-2253.958536	0
LOC550716	-16268.245499	-16268.245499	0
LOC550767	-3210.159051	-3210.159051	0
LOC550780	-3221.429970	-3221.429970	0
LOC550789	-4119.454718	-4118.087435	2.73457
LOC550804	-8591.640221	-8588.022330	7.23578
LOC550829	-21942.025344	-21942.025355	-2.2e-05
LOC550834	-810.306248	-809.081969	2.44856
LOC550869	-6652.222947	-6652.215272	0.01535
LOC550881	-2532.768943	-2530.287800	4.96229
LOC550884	-6809.732463	-6809.732463	0
LOC550885	-6911.319978	-6911.319978	0
LOC550901	-4656.617125	-4656.522240	0.18977
LOC550903	-10064.879597	-10064.879597	0
LOC550955	-3000.083344	-2981.484600	37.1975
LOC550970	-2253.395543	-2253.395362	0.000362
LOC550998	-3089.513890	-3089.513890	0
LOC551009	-7267.686715	-7267.686715	0
LOC551012	-7938.121474	-7922.814941	30.6131
LOC551036	-4701.749547	-4691.690771	20.1176
LOC551042	-2706.390269	-2685.663261	41.454
LOC551057	-3201.214734	-3201.214734	0
LOC551088	-5552.619166	-5552.409059	0.420214
LOC551093	-7062.890100	-7060.731322	4.31756
LOC551100	-3023.129164	-3023.129151	2.6e-05
LOC551114	-2324.686846	-2324.686846	0
LOC551116	-3513.776840	-3513.744765	0.06415
LOC551133	-4746.280062	-4746.280062	0
LOC551177	-1930.215417	-1930.215417	0
LOC551194	-6825.506577	-6825.506577	0
LOC551198	-3718.029783	-3718.029783	0
LOC551207	-9931.018470	-9930.963719	0.109502
LOC551208	-4445.762798	-4445.762798	0
LOC551212	-8441.883176	-8441.883176	0
LOC551219	-7522.990054	-7522.990054	0
LOC551231	-4940.264116	-4924.887551	30.7531
LOC551248	-1833.145427	-1833.145427	0
LOC551276	-6586.930525	-6584.333495	5.19406
LOC551290	-5733.411920	-5733.411920	0
LOC551304	-616.760794	-616.760794	0
LOC551314	-10207.262178	-10203.245706	8.03294
LOC551324	-5242.865872	-5241.881992	1.96776
LOC551353	-2673.199093	-2673.199093	0
LOC551364	-5759.983012	-5759.983012	0
LOC551379	-6006.628230	-6006.102122	1.05222
LOC551381	-1153.788197	-1153.788197	0
LOC551384	-4595.699799	-4595.662164	0.07527
LOC551392	-5845.383166	-5845.383166	0
LOC551395	-6400.590271	-6392.559686	16.0612
LOC551398	-14748.607918	-14748.589750	0.036336
LOC551405	-6984.524431	-6976.951565	15.1457
LOC551413	-2005.636037	-2005.636036	2e-06
LOC551414	-4276.330999	-4253.086550	46.4889
LOC551416	-6700.288058	-6697.788443	4.99923
LOC551425	-12985.834087	-12985.303907	1.06036
LOC551426	-4222.043905	-4220.696483	2.69484
LOC551435	-7491.150323	-7489.096548	4.10755
LOC551439	-4179.370921	-4179.370921	0
LOC551441	-3476.370601	-3476.370601	0
LOC551445	-3839.702798	-3839.702798	0
LOC551447	-5452.840271	-5451.385521	2.9095
LOC551448	-3110.713180	-3110.713180	0
LOC551452	-4859.764734	-4856.331077	6.86731
LOC551457	-4513.694974	-4513.694974	0
LOC551467	-4960.332605	-4958.339338	3.98653
LOC551484	-8683.545722	-8683.545722	0
LOC551500	-12744.637874	-12712.415368	64.445
LOC551501	-2174.588058	-2172.537770	4.10058
LOC551517	-5396.019865	-5370.866999	50.3057
LOC551530	-22892.190973	-22886.400572	11.5808
LOC551549	-6431.063403	-6431.063403	0
LOC551554	-1698.356432	-1675.772845	45.1672
LOC551578	-9701.515817	-9695.942982	11.1457
LOC551581	-6621.222420	-6621.222420	0
LOC551589	-2400.318698	-2400.316565	0.004266
LOC551602	-7260.285860	-7253.650521	13.2707
LOC551603	-2221.776086	-2206.268084	31.016
LOC551607	-1222.491840	-1222.491840	0
LOC551608	-5526.663859	-5509.403801	34.5201
LOC551618	-6348.528001	-6348.528001	0
LOC551619	-11128.862915	-11128.862915	0
LOC551629	-16516.002527	-16514.673589	2.65788
LOC551631	-8651.423140	-8651.423140	0
LOC551642	-5155.631226	-5155.411086	0.44028
LOC551662	-3116.432283	-3116.432283	0
LOC551664	-4213.478562	-4209.599095	7.75893
LOC551668	-12719.940898	-12719.940898	0
LOC551679	-2571.225967	-2567.808343	6.83525
LOC551683	-4674.557763	-4664.208992	20.6975
LOC551695	-773.200703	-766.895381	12.6106
LOC551699	-5560.253584	-5560.253584	0
LOC551709	-13616.472970	-13610.813090	11.3198
LOC551712	-6054.850884	-6054.850884	0
LOC551721	-5469.215878	-5469.215878	0
LOC551732	-4440.212875	-4440.212875	0
LOC551749	-8037.139395	-8037.139395	0
LOC551753	-18540.512775	-18537.081750	6.86205
LOC551755	-1413.368783	-1413.368783	0
LOC551757	-2039.697142	-2035.579207	8.23587
LOC551794	-2252.810309	-2252.808881	0.002856
LOC551806	-4523.060230	-4523.060230	0
LOC551815	-5093.062379	-5093.062379	0
LOC551817	-1585.871120	-1585.871120	0
LOC551819	-5326.433166	-5326.433166	0
LOC551827	-4300.116919	-4299.815642	0.602554
LOC551847	-4567.260851	-4565.938089	2.64552
LOC551872	-3583.753971	-3580.341874	6.82419
LOC551882	-2997.253502	-2996.052832	2.40134
LOC551890	-5380.040640	-5369.834509	20.4123
LOC551892	-3560.766641	-3551.751081	18.0311
LOC551898	-1315.557496	-1278.741865	73.6313
LOC551912	-1040.369006	-1040.115788	0.506436
LOC551922	-2206.035099	-2206.035099	0
LOC551952	-3781.582215	-3778.155661	6.85311
LOC551961	-1620.471264	-1620.471264	0
LOC551962	-2940.736147	-2940.736147	0
LOC551964	-7901.450142	-7901.450142	0
LOC551969	-7051.222549	-7050.964759	0.51558
LOC551970	-15417.330875	-15417.227593	0.206564
LOC551972	-5724.744764	-5724.744764	0
LOC551980	-3298.724010	-3298.724010	0
LOC551982	-2492.271673	-2492.271673	0
LOC551986	-4591.967088	-4591.967088	0
LOC552000	-2615.563912	-2615.563912	0
LOC552003	-3052.616765	-3052.616765	0
LOC552009	-3756.989806	-3741.409252	31.1611
LOC552036	-5939.448713	-5939.448713	0
LOC552043	-3826.323071	-3824.037359	4.57142
LOC552051	-3768.149680	-3764.844658	6.61004
LOC552056	-6047.829050	-6047.829050	0
LOC552091	-4496.922919	-4496.922890	5.8e-05
LOC552093	-3924.436994	-3924.436994	0
LOC552095	-16153.582622	-16153.582622	0
LOC552124	-3112.807281	-3112.807281	0
LOC552138	-1782.696062	-1761.787579	41.817
LOC552139	-3880.687086	-3868.936547	23.5011
LOC552141	-3434.611536	-3434.611536	0
LOC552144	-6868.212642	-6867.805328	0.814628
LOC552145	-2053.281039	-2053.281039	0
LOC552150	-4887.536733	-4886.782935	1.5076
LOC552156	-6429.487988	-6429.487974	2.8e-05
LOC552161	-1464.731500	-1464.731500	0
LOC552163	-5992.636731	-5990.295057	4.68335
LOC552180	-1762.444624	-1753.113531	18.6622
LOC552181	-3411.395024	-3411.135004	0.52004
LOC552191	-4867.587488	-4862.400087	10.3748
LOC552194	-6140.025092	-6108.779395	62.4914
LOC552196	-2466.262016	-2465.386255	1.75152
LOC552197	-4250.760702	-4250.612678	0.296048
LOC552204	-1886.464761	-1886.069980	0.789562
LOC552213	-2023.968231	-2023.724534	0.487394
LOC552237	-2366.289572	-2359.937724	12.7037
LOC552245	-8799.740632	-8798.418395	2.64447
LOC552246	-4616.458103	-4616.458103	0
LOC552247	-9222.888807	-9222.888807	0
LOC552249	-18851.610618	-18851.610618	0
LOC552254	-5444.037706	-5444.003213	0.068986
LOC552263	-4100.475087	-4100.475087	0
LOC552278	-4440.552075	-4378.775677	123.553
LOC552283	-3853.457234	-3853.457234	0
LOC552315	-3577.318053	-3545.331460	63.9732
LOC552327	-4879.708492	-4879.014186	1.38861
LOC552348	-2182.836829	-2181.942674	1.78831
LOC552353	-1856.414980	-1856.414980	0
LOC552377	-4677.537541	-4622.393865	110.287
LOC552392	-5096.220301	-5096.220301	0
LOC552398	-4582.929139	-4582.929139	0
LOC552403	-1389.656657	-1389.656657	0
LOC552410	-1337.484059	-1337.484059	0
LOC552413	-3971.538500	-3971.538500	0
LOC552417	-7231.354651	-7231.354651	0
LOC552419	-2051.224601	-2051.224601	0
LOC552424	-3303.796180	-3303.796180	0
LOC552426	-2635.392141	-2635.392141	0
LOC552432	-5799.412625	-5799.412625	0
LOC552441	-2883.036821	-2882.830158	0.413326
LOC552443	-2459.606690	-2459.606690	0
LOC552449	-2514.211327	-2514.211327	0
LOC552451	-4834.556225	-4831.576913	5.95862
LOC552455	-7498.798651	-7479.890475	37.8164
LOC552460	-1444.308775	-1444.308775	0
LOC552476	-1291.053818	-1291.053818	0
LOC552479	-9759.488353	-9670.704171	177.568
LOC552485	-5728.491461	-5728.491461	0
LOC552488	-5059.809642	-5059.638357	0.34257
LOC552495	-10436.524226	-10436.524226	0
LOC552496	-9505.238399	-9504.376103	1.72459
LOC552501	-1704.409827	-1704.409827	0
LOC552510	-7505.584620	-7505.584620	0
LOC552511	-3714.569239	-3708.515823	12.1068
LOC552516	-3838.053369	-3838.053369	0
LOC552520	-4010.509596	-4010.509596	0
LOC552522	-7295.161930	-7295.161930	0
LOC552528	-8221.283486	-8221.283486	0
LOC552529	-1441.079097	-1440.508832	1.14053
LOC552531	-1156.392960	-1156.392960	0
LOC552533	-6642.525287	-6642.525287	0
LOC552549	-5886.935532	-5886.269417	1.33223
LOC552551	-1412.607997	-1412.607997	0
LOC552562	-5270.403318	-5268.810576	3.18548
LOC552566	-6557.073078	-6503.172983	107.8
LOC552571	-7719.590293	-7719.590293	0
LOC552590	-4501.881234	-4501.881234	0
LOC552592	-7849.084907	-7849.040082	0.08965
LOC552599	-1709.039759	-1702.151982	13.7756
LOC552607	-3788.726691	-3788.726691	0
LOC552641	-5447.830810	-5419.819677	56.0223
LOC552643	-9171.223016	-9169.367037	3.71196
LOC552654	-2662.460693	-2662.460693	0
LOC552656	-6489.172816	-6489.172816	0
LOC552658	-12936.812549	-12936.812549	0
LOC552662	-5091.948982	-5091.948982	0
LOC552674	-12035.649163	-12034.255214	2.7879
LOC552686	-2401.333814	-2401.333814	0
LOC552688	-3353.988371	-3353.988371	0
LOC552696	-4999.267616	-4999.267616	0
LOC552715	-3676.537209	-3663.798170	25.4781
LOC552719	-1356.255708	-1356.255708	0
LOC552720	-2773.902338	-2773.902338	0
LOC552721	-2707.723525	-2680.381755	54.6835
LOC552723	-6989.029353	-6984.534656	8.98939
LOC552725	-7212.837636	-7212.837636	0
LOC552730	-1987.746979	-1987.746979	0
LOC552734	-3613.444064	-3613.444064	0
LOC552745	-5320.295393	-5320.295393	0
LOC552747	-8790.064048	-8790.064048	0
LOC552748	-5417.461428	-5417.461428	0
LOC552756	-5470.539910	-5467.951725	5.17637
LOC552766	-5316.385903	-5316.385903	0
LOC552769	-3741.267868	-3741.267868	0
LOC552772	-1493.270553	-1493.270553	0
LOC552776	-7493.162266	-7493.162266	0
LOC552779	-1772.783965	-1772.783965	0
LOC552787	-10210.088287	-10204.732500	10.7116
LOC552794	-14954.673671	-14954.673671	0
LOC552797	-3951.021341	-3951.021340	2e-06
LOC552802	-1571.408715	-1571.408715	0
LOC552804	-5445.340174	-5445.340174	0
LOC552807	-1732.099168	-1732.099168	0
LOC552827	-649.292493	-649.292493	0
LOC552832	-4643.919118	-4643.919118	0
LOC552839			0
LOC724169	-2677.855476	-2677.855476	0
LOC724170	-5173.113314	-5173.113314	0
LOC724188	-1179.570212	-1179.570212	0
LOC724215	-19351.874998	-19345.371992	13.006
LOC724216	-4447.419485	-4444.279785	6.2794
LOC724218	-4693.486525	-4693.486525	0
LOC724239	-5508.723264	-5508.711762	0.023004
LOC724241	-1181.246458	-1181.246458	0
LOC724247	-7257.422522	-7257.422522	0
LOC724256	-2896.143935	-2896.143935	0
LOC724291	-5073.611651	-5073.611651	0
LOC724292	-5251.764419	-5208.805141	85.9186
LOC724296	-9736.289617	-9736.289617	0
LOC724303	-1623.555438	-1623.555438	0
LOC724323	-4953.700997	-4953.700997	0
LOC724339	-7436.772783	-7436.772783	0
LOC724341	-3287.247765	-3287.247765	0
LOC724343	-1736.562165	-1733.420069	6.28419
LOC724350	-2653.790198	-2653.790198	0
LOC724365	-1521.990255	-1521.990255	0
LOC724366	-1865.377902	-1865.377902	0
LOC724386	-3060.110199	-3060.110199	0
LOC724407	-174.987996	-174.987996	0
LOC724408	-1481.797251	-1478.523385	6.54773
LOC724423	-25708.540044	-25685.387247	46.3056
LOC724432	-4437.334102	-4435.965984	2.73624
LOC724443	-4991.784579	-4991.784579	0
LOC724486	-1580.549309	-1580.549309	0
LOC724488	-3318.896420	-3317.984668	1.8235
LOC724496	-6303.655814	-6303.655814	0
LOC724510	-13885.722451	-13885.722451	0
LOC724533	-1635.691831	-1635.691831	0
LOC724542	-9416.001807	-9413.746906	4.5098
LOC724625	-693.014415	-693.014415	0
LOC724630	-1306.124451	-1306.124451	0
LOC724648	-2501.380828	-2501.380828	0
LOC724654	-1841.651656	-1841.651656	0
LOC724656	-11835.094430	-11833.264802	3.65926
LOC724700	-5595.488912	-5595.488912	0
LOC724703	-8124.789477	-8123.999804	1.57935
LOC724704	-5325.390078	-5276.567441	97.6453
LOC724710	-3298.005417	-3297.894250	0.222334
LOC724741	-9710.948150	-9710.948150	0
LOC724742	-4390.506616	-4390.506616	0
LOC724769	-1432.546540	-1413.469425	38.1542
LOC724786	-1655.692343	-1655.692343	0
LOC724790	-3184.977243	-3183.783621	2.38724
LOC724794	-1300.948335	-1300.948335	0
LOC724798	-5222.322063	-5222.322063	0
LOC724809	-9256.217038	-9256.217038	0
LOC724827	-2959.243684	-2958.006548	2.47427
LOC724863	-8313.933811	-8313.933811	0
LOC724865	-13061.736394	-13061.736394	0
LOC724885	-2995.896785	-2976.955418	37.8827
LOC724888	-1162.495499	-1162.495499	0
LOC724891	-7419.956867	-7419.956867	0
LOC724896	-901.492393	-901.492393	0
LOC724926	-10599.263510	-10599.263510	0
LOC724930	-8430.250615	-8429.903927	0.693376
LOC724932	-5566.524350	-5564.338928	4.37084
LOC724947	-3716.935459	-3713.278562	7.31379
LOC724948	-10891.760245	-10891.760245	0
LOC724953	-2907.697189	-2907.696844	0.00069
LOC724954	-1912.433141	-1912.416966	0.03235
LOC725023	-5979.156928	-5979.156928	0
LOC725026	-5290.461322	-5289.674585	1.57347
LOC725044	-5831.173714	-5822.166763	18.0139
LOC725055	-610.327915	-610.327915	0
LOC725111	-11566.685764	-11566.656872	0.057784
LOC725142	-937.014352	-937.014352	0
LOC725143	-4408.621379	-4408.621379	0
LOC725146	-4319.224623	-4318.833891	0.781464
LOC725149	-12537.222016	-12535.067706	4.30862
LOC725178	-8411.626191	-8409.203727	4.84493
LOC725184	-1254.613416	-1254.613416	0
LOC725204	-4026.553641	-4003.930219	45.2468
LOC725216	-23570.114083	-23569.591706	1.04475
LOC725238	-4057.690362	-4057.690362	0
LOC725240	-1341.574754	-1341.574754	0
LOC725261	-1903.145630	-1901.651670	2.98792
LOC725266	-1599.199068	-1599.199068	0
LOC725306	-25330.919082	-25330.919082	0
LOC725316	-1530.847079	-1530.847079	0
LOC725320	-9135.031508	-9135.031508	0
LOC725325	-6908.242396	-6878.042705	60.3994
LOC725330	-6682.638450	-6680.378633	4.51963
LOC725343	-7668.113264	-7668.113264	0
LOC725345	-1108.384026	-1108.384026	0
LOC725348	-5127.508584	-5127.508584	0
LOC725362	-3369.829217	-3369.829217	0
LOC725363	-4367.584996	-4366.076710	3.01657
LOC725368	-5181.076270	-5174.974776	12.203
LOC725374	-2601.454731	-2601.454731	0
LOC725388	-8555.500669	-8550.964191	9.07296
LOC725416	-1598.941649	-1592.278646	13.326
LOC725459	-3233.354001	-3232.407259	1.89348
LOC725477	-7615.494820	-7614.348626	2.29239
LOC725478	-2649.389659	-2649.389659	0
LOC725486	-10207.654338	-10207.654338	0
LOC725491	-2187.376181	-2187.376181	0
LOC725496	-5605.416039	-5605.416039	0
LOC725505	-2965.827685	-2918.695757	94.2639
LOC725512	-7063.059478	-7059.042795	8.03337
LOC725529	-3796.277126	-3793.061193	6.43187
LOC725539	-7693.419259	-7693.419259	0
LOC725551	-2735.149275	-2735.138703	0.021144
LOC725552	-9494.738708	-9491.682597	6.11222
LOC725566	-1878.725138	-1866.696131	24.058
LOC725569	-4842.402295	-4841.407894	1.9888
LOC725571	-5614.048028	-5596.748775	34.5985
LOC725572	-1223.960716	-1223.960716	0
LOC725576	-8935.437197	-8934.429193	2.01601
LOC725603	-2563.552239	-2563.552239	0
LOC725609	-852.022097	-851.868097	0.308
LOC725611	-20476.126234	-20475.082751	2.08697
LOC725612	-13455.221617	-13455.221617	0
LOC725628	-3091.028907	-3091.028907	0
LOC725633	-1653.744069	-1653.744069	0
LOC725641	-1054.984305	-1043.838123	22.2924
LOC725661	-7092.660308	-7092.660308	0
LOC725686	-929.147036	-926.166341	5.96139
LOC725688	-2391.321716	-2389.371092	3.90125
LOC725690	-4186.126496	-4186.125944	0.001104
LOC725701	-7063.582575	-7047.604168	31.9568
LOC725705	-1294.908540	-1294.908540	0
LOC725719	-14074.679737	-14074.679737	0
LOC725744	-2708.708848	-2708.708848	0
LOC725753	-3534.661710	-3534.661710	0
LOC725756	-6696.554553	-6668.659068	55.791
LOC725770	-9177.797246	-9177.797246	0
LOC725780	-4298.985318	-4298.985318	0
LOC725801	-4897.262128	-4897.262128	0
LOC725835	-1358.767738	-1358.767738	0
LOC725856	-1569.503077	-1569.503077	0
LOC725880	-784.867810	-784.867809	2e-06
LOC725881	-3507.328962	-3502.322231	10.0135
LOC725896	-6161.457570	-6160.107825	2.69949
LOC725899	-5336.334077	-5336.334077	0
LOC725922	-7228.422356	-7227.939027	0.966658
LOC725942	-1795.360187	-1790.358837	10.0027
LOC725947	-697.807639	-697.807639	0
LOC726002	-14683.161381	-14683.161381	0
LOC726015	-3667.286146	-3667.054943	0.462406
LOC726030	-9865.188373	-9863.126212	4.12432
LOC726040	-12604.269861	-12604.269861	0
LOC726061	-1378.641327	-1378.641327	0
LOC726095	-4071.873587	-4071.873587	0
LOC726102	-7506.035409	-7506.035409	0
LOC726118	-1701.023044	-1699.549436	2.94722
LOC726131	-1223.378221	-1217.709978	11.3365
LOC726163	-3001.094768	-3001.094768	0
LOC726164	-2473.851746	-2473.851746	0
LOC726167	-3200.006936	-3178.562793	42.8883
LOC726172	-4146.344755	-4146.344755	0
LOC726187	-9016.674450	-9004.750833	23.8472
LOC726197	-2042.178181	-2042.178181	0
LOC726205	-3190.099564	-3189.903773	0.391582
LOC726212	-8572.106525	-8569.747543	4.71796
LOC726221	-1609.353990	-1609.353990	0
LOC726227	-6969.762914	-6965.433734	8.65836
LOC726237	-3787.879433	-3756.263978	63.2309
LOC726239	-3954.171890	-3953.652703	1.03837
LOC726240	-1815.259889	-1814.466406	1.58697
LOC726253	-2813.184490	-2807.247159	11.8747
LOC726255	-5105.349484	-5103.134724	4.42952
LOC726289	-2506.690456	-2505.371164	2.63858
LOC726302	-2531.698026	-2529.488794	4.41846
LOC726303	-3610.685054	-3610.685054	0
LOC726310	-12844.591412	-12840.082898	9.01703
LOC726315	-7369.665510	-7369.134985	1.06105
LOC726352	-3605.602901	-3603.842882	3.52004
LOC726380	-4384.280287	-4384.280287	0
LOC726389	-5695.751025	-5695.751025	0
LOC726409	-1903.617125	-1903.617125	0
LOC726414	-11946.342326	-11945.966636	0.75138
LOC726418	-6037.713891	-6037.713891	0
LOC726428	-2638.761027	-2638.285534	0.950986
LOC726497	-27788.421313	-27788.421313	0
LOC726498	-1537.208168	-1537.208168	0
LOC726500	-1422.111140	-1422.111140	0
LOC726540	-15833.827282	-15831.519796	4.61497
LOC726562	-8078.378729	-8078.378729	0
LOC726579	-8539.460910	-8529.157649	20.6065
LOC726583	-10065.443465	-10049.362554	32.1618
LOC726609	-1844.782876	-1844.782869	1.4e-05
LOC726626	-2252.576402	-2252.526587	0.09963
LOC726637	-9593.348679	-9593.270179	0.157
LOC726666	-916.889856	-916.889856	0
LOC726720	-1803.400715	-1803.400715	0
LOC726721	-685.777748	-685.777748	0
LOC726742	-13844.888752	-13844.888752	0
LOC726747	-1758.476592	-1758.476592	0
LOC726754	-4806.190341	-4806.190341	0
LOC726760	-8980.516667	-8977.027707	6.97792
LOC726800	-4900.488662	-4899.425860	2.1256
LOC726811	-4441.137467	-4441.137467	0
LOC726812	-6197.986362	-6197.986362	0
LOC726822	-2817.509751	-2817.509751	0
LOC726826	-5654.770704	-5632.367252	44.8069
LOC726850	-1877.250771	-1876.069703	2.36214
LOC726869	-7608.680685	-7608.680685	0
LOC726872	-2531.549162	-2524.233346	14.6316
LOC726887	-3265.663992	-3264.138987	3.05001
LOC726890	-4039.564016	-4039.564016	0
LOC726923	-1197.351444	-1197.351444	0
LOC726928	-12038.394949	-12038.394949	0
LOC726947	-7396.647420	-7315.096805	163.101
LOC726958	-2631.326238	-2631.326238	0
LOC726983	-7621.561576	-7621.561576	0
LOC726999	-3884.302313	-3882.528235	3.54816
LOC727004	-2402.285375	-2402.285375	0
LOC727009	-9840.518930	-9840.518930	0
LOC727022	-8911.103867	-8911.082451	0.042832
LOC727025	-588.456106	-588.456106	0
LOC727027	-8379.070140	-8379.070140	0
LOC727048	-3679.410799	-3679.410799	0
LOC727116	-2542.278485	-2538.876993	6.80298
LOC727122	-1120.547832	-1120.547832	0
LOC727146	-10200.684263	-10200.684263	0
LOC727186	-1442.552519	-1442.545396	0.014246
LOC727229	-9289.624084	-9289.624084	0
LOC727237	-6714.064195	-6710.853045	6.4223
LOC727238	-25802.602302	-25802.602302	0
LOC727299	-5624.773816	-5624.773816	0
LOC727303	-5357.696177	-5357.212021	0.968312
LOC727320	-7659.366250	-7655.389452	7.9536
LOC727378	-934.450563	-934.450563	0
LOC727396	-14790.993917	-14789.371238	3.24536
LOC727420	-4413.546631	-4413.546631	0
LOC727456	-277.139343	-277.139343	0
LOC727495	-11486.609047	-11484.811202	3.59569
LOC727539	-3915.938856	-3908.703587	14.4705
LOC727582	-4861.212929	-4861.212929	0
LOC727622	-5668.458464	-5668.376515	0.163898
LOC727634	-5974.074896	-5974.074891	1e-05
LOC727652	-17793.495801	-17777.890643	31.2103
NOS	-14240.715860	-14240.389720	0.65228
PGRP-S3	-2052.176232	-2050.903372	2.54572
Ppib	-2074.794769	-2074.794769	0
PPO	-8214.820867	-8214.552164	0.537406
Pten	-1735.327847	-1730.635429	9.38484
Rnft2	-6011.135461	-6011.135461	0
RpL35	-1631.635691	-1629.833170	3.60504
Smb	-1754.295329	-1754.295329	0
Snf	-2314.796268	-2314.796268	0
STT3B	-7328.688196	-7328.688196	0
Tpi	-2709.981447	-2709.981447	0
Tspan6	-4810.716598	-4810.716598	0
Usp	-4480.248099	-4428.073931	104.348
Vg	-42680.805094	-42680.805094	0
Vha16	-1298.027822	-1298.027822	0
Gene	lnL_Null	lnL_Alt	LRT
LOC406097	-8164.879363	-8163.957696	1.84333
LOC408358	-19065.715144	-19062.824426	5.78144
LOC408391	-4453.430104	-4453.430103	2e-06
LOC408426	-3231.730586	-3231.730586	0
LOC408438	-14422.199396	-14420.820138	2.75852
LOC408717	-3368.831261	-3367.367974	2.92657
LOC408808	-14408.049192	-14408.048659	0.001066
LOC408834	-4225.950069	-4225.599335	0.701468
LOC408851	-1543.521472	-1543.521472	0
LOC408924	-6091.316908	-6091.316908	0
LOC409036	-1422.459910	-1422.459910	0
LOC409055	-4805.297193	-4805.297193	0
LOC409125	-17263.595722	-17263.595722	0
LOC409165	-5609.013124	-5608.090317	1.84561
LOC409226	-7896.607922	-7896.607922	0
LOC409286	-3534.438897	-3510.822459	47.2329
LOC409334	-9978.716182	-9978.648481	0.135402
LOC409336	-3559.934378	-3542.215965	35.4368
LOC409341	-5688.471381	-5688.471381	0
LOC409365	-14227.845881	-14225.376102	4.93956
LOC409386	-1132.587832	-1132.587832	0
LOC409393	-26675.724983	-26670.889570	9.67083
LOC409495	-4289.787512	-4289.507048	0.560928
LOC409523	-3504.000336	-3504.000336	0
LOC409529	-1950.204480	-1929.149760	42.1094
LOC411270	-9279.218228	-9276.061390	6.31368
LOC411295	-2906.233137	-2906.233137	0
LOC411519	-5560.233240	-5559.172799	2.12088
LOC411566	-14218.189586	-14217.031663	2.31585
LOC411639	-48645.140220	-48633.280884	23.7187
LOC411892	-4104.710282	-4104.710282	0
LOC411915	-4488.252145	-4488.252145	0
LOC411980	-7731.620555	-7731.620555	0
LOC552062	-5449.811004	-5449.811004	0
LOC102654146	-4551.583130	-4551.583130	0
LOC411083	-11594.206160	-11527.947799	132.517
LOC411457	-5570.950013	-5569.161887	3.57625
LOC411796	-5309.272030	-5309.272030	0
LOC551837	-12240.686158	-12240.686158	0
LOC551931	-3245.582220	-3245.582220	0
LOC726476	-4793.026849	-4779.726908	26.5999
