Gene	lnL_Null	lnL_Alt	LRT
Arp1	-3666.895158	-3666.895154	8e-06
B-gluc1	-8574.636901	-8574.636901	0
Cox6c	-1488.901464	-1488.901464	0
CPR14	-1855.612744	-1853.288677	4.64813
CPR19	-3269.799921	-3269.799921	0
CSP6	-1978.821283	-1978.520278	0.60201
CytC	-1423.408358	-1423.408358	0
Dcr-1	-17119.334972	-17117.062399	4.54515
Dl	-10529.840642	-10529.840642	0
Dnmt3	-9947.029916	-9947.029916	0
Ecr	-4683.107064	-4683.107064	0
egh	-5750.023505	-5749.823805	0.3994
FAR1	-7148.074170	-7148.074170	0
Gat-1B	-7489.329107	-7489.329107	0
Gat-a	-7590.781580	-7590.781580	0
Gfat2	-9214.406442	-9214.270988	0.270908
GlnS	-5420.657136	-5419.671178	1.97192
GstD1	-4396.243038	-4394.680941	3.12419
GstS4	-3259.430546	-3258.127475	2.60614
Imd	-4527.638747	-4527.541762	0.19397
Jtb	-8380.398209	-8379.432131	1.93216
KAT2A	-9556.457717	-9556.342494	0.230446
LOC100379261	-6102.187588	-6102.187588	0
LOC100576099	-2096.776029	-2096.776029	0
LOC100576186	-7579.085033	-7579.085033	0
LOC100576195	-1542.303422	-1542.303422	0
LOC100576337	-3442.606613	-3442.254356	0.704514
LOC100576383	-6944.530825	-6944.530825	0
LOC100576411	-9054.031500	-9054.031500	0
LOC100576527	-8828.152487	-8827.512432	1.28011
LOC100576646	-3361.554338	-3361.554338	0
LOC100576649	-8763.513770	-8760.465564	6.09641
LOC100576660	-9030.268220	-9027.606503	5.32343
LOC100576742	-15609.466317	-15608.803478	1.32568
LOC100576795	-3887.284917	-3887.284917	0
LOC100576801	-3751.088048	-3747.209875	7.75635
LOC100576818	-4880.797897	-4880.797897	0
LOC100576819	-7670.987988	-7665.995112	9.98575
LOC100576826	-3583.492090	-3583.492090	0
LOC100576862	-6293.047352	-6290.453971	5.18676
LOC100577002	-8141.439272	-8140.051559	2.77543
LOC100577019	-487.818240	-487.818240	0
LOC100577050	-8147.147292	-8145.294342	3.7059
LOC100577053	-9032.025926	-9032.025926	0
LOC100577136	-5989.534277	-5989.472144	0.124266
LOC100577140	-8779.867863	-8779.619784	0.496158
LOC100577174	-18782.691547	-18780.778208	3.82668
LOC100577196	-9773.919009	-9766.721450	14.3951
LOC100577401	-16684.660604	-16684.660604	0
LOC100577423	-5058.934534	-5058.934534	0
LOC100577481	-7684.468772	-7683.363660	2.21022
LOC100577493	-9551.924506	-9551.231083	1.38685
LOC100577519			0
LOC100577687	-7338.847376	-7335.841402	6.01195
LOC100577690	-2328.074265	-2328.074265	0
LOC100577763	-37587.919534	-37581.156829	13.5254
LOC100577764	-1764.959431	-1764.959431	0
LOC100577841	-4299.742079	-4299.418674	0.64681
LOC100577870	-1455.706144	-1455.706144	0
LOC100577972	-67281.919786	-67266.332469	31.1746
LOC100578030	-5503.343395	-5503.299945	0.0869
LOC100578035	-3696.786614	-3696.711115	0.150998
LOC100578071	-27466.883337	-27460.157088	13.4525
LOC100578156	-4117.587999	-4113.731450	7.7131
LOC100578168	-2228.421622	-2228.421622	0
LOC100578209	-4742.380769	-4741.201223	2.35909
LOC100578215	-6355.343811	-6354.339863	2.0079
LOC100578235	-1919.028790	-1919.003364	0.050852
LOC100578255	-23337.019483	-23337.019483	0
LOC100578277	-1115.865449	-1115.865449	0
LOC100578329	-9299.343415	-9295.005156	8.67652
LOC100578356	-19591.852984	-19590.790226	2.12552
LOC100578380	-2966.578382	-2966.578253	0.000258
LOC100578433	-22943.626728	-22942.743414	1.76663
LOC100578450	-11497.858122	-11496.688923	2.3384
LOC100578537	-11222.012045	-11219.963245	4.0976
LOC100578560	-1650.082395	-1649.690841	0.783108
LOC100578586	-10969.083627	-10964.231667	9.70392
LOC100578697	-2797.293259	-2797.207339	0.17184
LOC100578725	-1133.930588	-1133.930588	0
LOC100578875	-4994.388249	-4994.388249	0
LOC100578893	-11053.266450	-11053.265279	0.002342
LOC102653793	-5578.406145	-5578.406145	0
LOC102653879	-4449.539106	-4449.539106	0
LOC102653930	-1477.954774	-1476.346482	3.21658
LOC102653951	-1985.256371	-1985.255725	0.001292
LOC102654014	-3588.708583	-3588.482505	0.452156
LOC102654165	-4722.677037	-4722.677037	0
LOC102654312	-5275.552861	-5275.552861	0
LOC102654349	-955.944361	-955.392008	1.10471
LOC102654365	-8186.007822	-8186.007822	0
LOC102654610	-3855.882052	-3855.882052	0
LOC102654621	-6701.627559	-6700.024935	3.20525
LOC102654987	-2046.651601	-2046.651601	0
LOC102655219	-4878.798431	-4878.798431	0
LOC102655244	-9647.728877	-9647.728877	0
LOC102655259	-9879.855842	-9878.873256	1.96517
LOC102655470	-551.877892	-551.877892	0
LOC102655679	-3347.114629	-3347.114629	0
LOC102655688	-7853.554312	-7853.554312	0
LOC102655836	-6360.353697	-6359.533672	1.64005
LOC102655877	-4944.481257	-4944.481257	0
LOC102655904	-1683.673251	-1683.673250	2e-06
LOC102655948	-4157.274004	-4157.274004	0
LOC102656183	-1841.318427	-1841.318427	0
LOC102656263	-2862.010085	-2861.938465	0.14324
LOC102656287	-1672.372924	-1672.372924	0
LOC107963993	-5503.608435	-5503.608435	0
LOC107964089	-2766.881278	-2766.179299	1.40396
LOC107964507	-1443.433677	-1443.433677	0
LOC107965021	-1491.637550	-1491.637550	0
LOC107965199	-9226.288196	-9226.274779	0.026834
LOC107965225	-2527.426855	-2527.179383	0.494944
LOC107965250	-5535.573631	-5535.573631	0
LOC107965266	-6707.214234	-6706.366458	1.69555
LOC107965508	-3969.976872	-3969.342685	1.26837
LOC107965749	-5552.023337	-5552.023337	0
LOC107965828	-3755.991906	-3755.991905	2e-06
LOC113218526	-11246.253758	-11245.584030	1.33946
LOC113218534	-4989.916424	-4989.434460	0.963928
LOC113218670	-2778.935414	-2776.814465	4.2419
LOC406097	-8167.501597	-8167.501597	0
LOC406114	-9792.314532	-9791.827061	0.974942
LOC408271	-6691.025930	-6690.185235	1.68139
LOC408286	-12232.238340	-12231.154266	2.16815
LOC408303	-5194.287425	-5194.287425	0
LOC408312	-7852.844537	-7852.844537	0
LOC408355	-5887.081594	-5887.068537	0.026114
LOC408358	-19048.066385	-19048.066385	0
LOC408369	-3171.938631	-3171.938631	0
LOC408391	-4453.430071	-4453.430071	0
LOC408402	-7158.529895	-7158.336450	0.38689
LOC408421	-9027.473878	-9027.473878	0
LOC408426	-3245.447590	-3245.406912	0.081356
LOC408434	-5855.658581	-5855.658581	0
LOC408438	-14424.801590	-14421.569471	6.46424
LOC408458	-12964.091396	-12964.091396	0
LOC408461	-3730.573868	-3728.121846	4.90404
LOC408474	-9902.110131	-9902.110131	0
LOC408501	-15065.833272	-15065.821211	0.024122
LOC408511	-3730.430190	-3729.470315	1.91975
LOC408520	-3362.198793	-3362.198793	0
LOC408533	-16632.500642	-16632.495779	0.009726
LOC408573	-2867.658109	-2867.658109	0
LOC408575	-4881.023103	-4881.023103	0
LOC408592	-6449.533482	-6449.490309	0.086346
LOC408597	-4364.083922	-4364.083922	0
LOC408649	-7009.851912	-7009.851912	0
LOC408661	-9168.055831	-9167.774683	0.562296
LOC408668	-11321.840983	-11316.372306	10.9374
LOC408687	-3716.038159	-3713.483404	5.10951
LOC408717	-3369.198180	-3369.198180	0
LOC408741	-4276.380818	-4276.380818	0
LOC408742	-8631.422930	-8630.168250	2.50936
LOC408748	-2007.504812	-2007.504812	0
LOC408766	-2711.239593	-2711.239593	0
LOC408774	-41884.236610	-41884.236610	0
LOC408785	-3382.425328	-3382.425328	0
LOC408791	-15396.234047	-15394.800654	2.86679
LOC408793	-11754.945427	-11753.676131	2.53859
LOC408804	-12011.919212	-12010.081455	3.67551
LOC408808	-14417.147367	-14414.361830	5.57107
LOC408815	-18436.825733	-18435.054485	3.5425
LOC408819	-2244.097422	-2244.097422	0
LOC408827	-3216.265688	-3216.265688	0
LOC408833	-3062.368225	-3062.368225	0
LOC408834	-4232.171697	-4232.171697	0
LOC408851	-1543.521472	-1543.521472	0
LOC408871	-5895.096626	-5894.318254	1.55674
LOC408892	-5270.806018	-5264.051112	13.5098
LOC408906	-7500.557315	-7500.557315	0
LOC408924	-6090.108155	-6090.108155	0
LOC408925	-9686.596138	-9683.230600	6.73108
LOC408955	-6709.644223	-6709.644223	0
LOC408971	-2077.631730	-2077.631730	0
LOC408979	-5550.027084	-5549.758510	0.537148
LOC408989	-9919.907578	-9918.599460	2.61624
LOC409004	-1719.289538	-1719.289538	0
LOC409023	-5116.001135	-5115.842926	0.316418
LOC409026	-3227.021027	-3226.855356	0.331342
LOC409032	-11854.589940	-11854.589940	0
LOC409036	-1422.459910	-1422.459910	0
LOC409041	-3908.622327	-3908.118337	1.00798
LOC409055	-4805.297193	-4805.297193	0
LOC409068	-4630.009688	-4628.460609	3.09816
LOC409098	-13352.355418	-13352.336534	0.037768
LOC409103	-4365.739591	-4365.739591	0
LOC409125	-17261.844973	-17256.498702	10.6925
LOC409157	-7989.097057	-7988.584551	1.02501
LOC409165	-5608.626444	-5605.858584	5.53572
LOC409179	-5796.814410	-5796.382140	0.86454
LOC409180	-6527.689833	-6527.575332	0.229002
LOC409189	-5527.051664	-5526.469419	1.16449
LOC409196	-7740.480066	-7739.639728	1.68068
LOC409201	-1895.435366	-1891.961229	6.94827
LOC409203	-8524.718103	-8522.651602	4.133
LOC409226	-7892.610993	-7890.339952	4.54208
LOC409245	-4574.761553	-4574.761553	0
LOC409249	-13677.059956	-13676.974473	0.170966
LOC409260	-6636.917241	-6636.917241	0
LOC409263	-3951.976412	-3951.782545	0.387734
LOC409265	-7543.134628	-7542.283444	1.70237
LOC409270	-5551.341065	-5551.341065	0
LOC409271	-24419.404204	-24418.937956	0.932496
LOC409286	-3555.284784	-3555.284784	0
LOC409292	-4088.949445	-4088.949445	0
LOC409308	-763.917338	-763.917338	0
LOC409320	-3031.752077	-3031.739414	0.025326
LOC409329	-3775.529978	-3775.529978	0
LOC409334	-9979.592991	-9978.485743	2.2145
LOC409336	-3568.257186	-3568.257186	0
LOC409341	-5694.112818	-5694.112818	0
LOC409361	-2637.618142	-2637.618142	0
LOC409365	-14235.118071	-14233.959576	2.31699
LOC409373	-3673.678207	-3673.678207	0
LOC409377	-7366.958656	-7366.958656	0
LOC409386	-1132.587831	-1132.587831	0
LOC409388	-3105.252627	-3104.389266	1.72672
LOC409393	-26688.453988	-26686.872357	3.16326
LOC409410	-5483.691778	-5483.691778	0
LOC409411	-3634.635429	-3634.635429	0
LOC409425	-11356.477331	-11355.134752	2.68516
LOC409427	-4580.324981	-4580.324981	0
LOC409441	-4698.149534	-4695.918416	4.46224
LOC409465	-72.806538	-72.698244	0.216588
LOC409488	-3499.927685	-3499.927685	0
LOC409491	-4488.343734	-4488.343734	0
LOC409495	-4292.565196	-4292.565196	0
LOC409499	-4247.785807	-4247.646839	0.277936
LOC409511	-3877.655864	-3877.655864	0
LOC409520	-2979.344910	-2979.344910	0
LOC409523	-3502.967504	-3502.967504	0
LOC409529	-1982.098259	-1982.098259	0
LOC409538	-1997.107512	-1997.107512	0
LOC409559	-6154.657830	-6154.657830	0
LOC409586	-2955.229778	-2953.106771	4.24601
LOC409607	-3253.800576	-3253.800576	0
LOC409633	-3130.113417	-3130.113417	0
LOC409643	-4873.153216	-4873.153216	0
LOC409662	-3267.073635	-3267.073635	0
LOC409667	-1189.971738	-1189.971738	0
LOC409670	-8491.622450	-8491.622450	0
LOC409673	-31268.501825	-31261.838662	13.3263
LOC409689	-6429.440555	-6428.596567	1.68798
LOC409704	-6899.911781	-6899.911781	0
LOC409724	-7595.212238	-7595.212238	0
LOC409726	-7547.879019	-7547.879019	0
LOC409736	-5971.255851	-5971.252387	0.006928
LOC409740	-3626.298516	-3626.298516	0
LOC409749	-1573.456908	-1557.082745	32.7483
LOC409762	-2220.877690	-2220.253876	1.24763
LOC409769	-5938.610038	-5938.610038	0
LOC409791	-3376.900492	-3376.900491	2e-06
LOC409795	-13935.454715	-13933.307620	4.29419
LOC409814	-9403.970297	-9403.211276	1.51804
LOC409833	-5599.435823	-5597.841234	3.18918
LOC409838	-8520.404338	-8520.404338	0
LOC409852	-6705.308494	-6704.836018	0.944952
LOC409857	-1348.599019	-1347.513410	2.17122
LOC409860	-7696.880324	-7696.786024	0.1886
LOC409863	-2787.524084	-2787.524084	0
LOC409900	-2511.296806	-2511.296806	0
LOC409905	-7204.947693	-7204.947693	0
LOC409909	-4061.014186	-4061.014186	0
LOC409910	-1749.491109	-1749.490299	0.00162
LOC409911	-6222.062382	-6221.835109	0.454546
LOC409920	-1198.232255	-1195.597524	5.26946
LOC409924	-5834.616678	-5834.616678	0
LOC409925	-1961.403498	-1961.403495	6e-06
LOC409928	-9804.072634	-9794.288446	19.5684
LOC409930	-2422.994382	-2422.728772	0.53122
LOC409941	-10075.989590	-10075.989590	0
LOC409945	-6607.578694	-6607.275973	0.605442
LOC409976	-3430.727711	-3430.719989	0.015444
LOC410039	-5382.710443	-5382.701866	0.017154
LOC410055	-3524.498809	-3524.498809	0
LOC410059	-5606.508456	-5606.508456	0
LOC410087	-3983.875928	-3983.589994	0.571868
LOC410091	-4573.543171	-4572.201080	2.68418
LOC410097	-17933.920832	-17926.869859	14.1019
LOC410105	-6457.605602	-6457.275930	0.659344
LOC410107	-8844.196489	-8844.196428	0.000122
LOC410118	-6282.219958	-6282.219958	0
LOC410155	-4.813935	-4.813935	0
LOC410157	-1649.285728	-1649.285728	0
LOC410159	-16596.620965	-16595.374688	2.49255
LOC410172	-5754.855935	-5754.689835	0.3322
LOC410183	-19191.068290	-19191.068290	0
LOC410241	-1791.679326	-1791.679326	0
LOC410257	-4612.836419	-4611.962579	1.74768
LOC410270	-7515.480086	-7515.480085	2e-06
LOC410283	-3339.283836	-3338.271198	2.02528
LOC410286	-10663.082527	-10663.082527	0
LOC410289	-10181.138105	-10172.834389	16.6074
LOC410337	-11376.529331	-11374.742726	3.57321
LOC410338	-4591.549045	-4591.549045	0
LOC410371	-12235.318930	-12235.259028	0.119804
LOC410376	-3836.988904	-3836.988904	0
LOC410379	-11929.019304	-11924.069370	9.89987
LOC410383	-7112.772343	-7112.772343	0
LOC410395	-1773.151451	-1773.151451	0
LOC410414	-11959.937411	-11959.937411	0
LOC410420	-3310.686081	-3310.686081	0
LOC410451	-8134.184825	-8134.184825	0
LOC410456	-4976.688570	-4976.688570	0
LOC410470	-5494.583460	-5494.583460	0
LOC410484	-10049.128815	-10047.511494	3.23464
LOC410485	-11479.689006	-11471.057372	17.2633
LOC410510	-11034.644884	-11032.460027	4.36971
LOC410512	-4899.231679	-4899.231679	0
LOC410525	-1720.135571	-1720.135571	0
LOC410538	-10299.695491	-10297.802917	3.78515
LOC410542	-6069.094459	-6069.094459	0
LOC410550	-8432.426023	-8430.295628	4.26079
LOC410561	-2758.851581	-2758.850728	0.001706
LOC410571	-16245.334130	-16233.635848	23.3966
LOC410575	-3907.717005	-3907.717005	0
LOC410577	-2900.951137	-2900.951137	0
LOC410583	-6368.930106	-6368.446124	0.967964
LOC410585	-21849.634455	-21849.634455	0
LOC410618	-5966.596704	-5966.596704	0
LOC410630	-14530.911879	-14529.364156	3.09545
LOC410636	-1938.819407	-1938.819407	0
LOC410663	-1727.270623	-1727.270623	0
LOC410664	-9270.480309	-9264.382945	12.1947
LOC410719	-5097.535181	-5096.864884	1.34059
LOC410732	-5476.504542	-5476.504542	0
LOC410811	-9057.470425	-9057.470425	0
LOC410812	-2064.840746	-2064.672994	0.335504
LOC410821	-3499.154889	-3499.154889	0
LOC410837	-2914.401936	-2914.401936	0
LOC410860	-3839.074204	-3839.074204	0
LOC410879	-6016.284542	-6016.284542	0
LOC410907	-5266.035904	-5266.035904	0
LOC410911	-5911.061001	-5910.771219	0.579564
LOC410938	-6619.994924	-6619.902982	0.183884
LOC410940	-19488.650684	-19484.914048	7.47327
LOC410943	-3823.312985	-3823.312985	0
LOC410952	-4534.971312	-4534.603115	0.736394
LOC410969	-2268.409792	-2267.896297	1.02699
LOC410973	-1733.995660	-1733.995660	0
LOC410985	-3802.884876	-3802.884876	0
LOC411043	-7237.731500	-7237.731497	6e-06
LOC411048	-2873.923152	-2871.750398	4.34551
LOC411054	-6097.485791	-6097.485791	0
LOC411070	-14449.467057	-14449.467057	0
LOC411088	-2119.727751	-2119.727751	0
LOC411100	-4163.033409	-4163.033409	0
LOC411115	-41790.377968	-41787.391320	5.9733
LOC411147	-9623.877938	-9623.877938	0
LOC411148	-6837.284856	-6837.185004	0.199704
LOC411163	-6437.990650	-6437.990650	0
LOC411164	-5705.475869	-5705.475869	0
LOC411167	-7824.813855	-7822.825376	3.97696
LOC411188	-5934.558841	-5934.036707	1.04427
LOC411191	-2118.989134	-2118.989134	0
LOC411214	-4469.487254	-4469.487254	0
LOC411233	-10187.326431	-10187.326431	0
LOC411249	-13793.546562	-13793.470344	0.152436
LOC411260	-1233.815107	-1233.815107	0
LOC411261	-10243.160692	-10242.376093	1.5692
LOC411270	-9293.638485	-9292.066940	3.14309
LOC411288	-4610.468515	-4610.468515	0
LOC411295	-2903.823345	-2903.763786	0.119118
LOC411306	-4864.205818	-4863.333430	1.74478
LOC411335	-2947.430330	-2947.430322	1.6e-05
LOC411347	-2004.509332	-2001.327994	6.36268
LOC411365	-3112.382520	-3112.382520	0
LOC411391	-3575.872703	-3575.872703	0
LOC411404	-5961.080986	-5961.080986	0
LOC411408	-2551.145037	-2551.145037	0
LOC411447	-7535.180510	-7527.939671	14.4817
LOC411458	-6777.767781	-6777.767781	0
LOC411473	-8589.042531	-8589.042531	0
LOC411474	-21682.811570	-21680.287921	5.0473
LOC411490	-7371.759926	-7371.759926	0
LOC411509	-4233.694133	-4233.694133	0
LOC411510	-4696.449378	-4696.068199	0.762358
LOC411519	-5558.246580	-5558.165450	0.16226
LOC411524	-2758.320415	-2758.320415	0
LOC411540	-8586.891723	-8586.891723	0
LOC411545	-11280.052062	-11278.018639	4.06685
LOC411552	-4241.258540	-4241.258540	0
LOC411564	-14039.531930	-14038.895664	1.27253
LOC411566	-14216.642773	-14216.642773	0
LOC411633	-4616.219536	-4616.214156	0.01076
LOC411639	-48661.714166	-48658.808270	5.81179
LOC411654	-4248.369841	-4248.369841	0
LOC411665	-3358.155854	-3358.089767	0.132174
LOC411698	-4873.880489	-4873.880489	0
LOC411699	-12850.934427	-12850.415902	1.03705
LOC411719	-5305.969256	-5305.969256	0
LOC411722	-4601.243223	-4601.236412	0.013622
LOC411724	-14210.315529	-14209.942509	0.74604
LOC411730	-11621.417060	-11618.752009	5.3301
LOC411731	-10041.535959	-10041.535959	0
LOC411732	-2912.020471	-2911.109352	1.82224
LOC411789	-2794.346764	-2794.346764	0
LOC411794	-6350.083313	-6350.083314	-2e-06
LOC411799	-7239.562623	-7239.387691	0.349864
LOC411839	-6515.362759	-6514.479955	1.76561
LOC411856	-3808.335682	-3808.335682	0
LOC411875	-6720.903587	-6720.903587	0
LOC411892	-4104.710282	-4104.710282	0
LOC411904	-10910.637192	-10910.637192	0
LOC411906	-13908.004894	-13907.761518	0.486752
LOC411915	-4488.252145	-4488.252145	0
LOC411923	-13354.709419	-13354.676749	0.06534
LOC411972	-5823.174311	-5823.174311	0
LOC411980	-7731.620556	-7731.620556	0
LOC411982	-3174.159331	-3174.159330	2e-06
LOC411985	-16613.039028	-16612.167071	1.74391
LOC412003	-9398.650103	-9398.160907	0.978392
LOC412005	-4698.385052	-4698.254615	0.260874
LOC412018	-8720.385233	-8705.164620	30.4412
LOC412024	-3837.647554	-3837.435484	0.42414
LOC412025	-9395.465275	-9390.200927	10.5287
LOC412027	-5536.012221	-5535.482645	1.05915
LOC412030	-1637.982886	-1637.832574	0.300624
LOC412046	-22704.181971	-22697.674714	13.0145
LOC412064	-2905.620479	-2904.236327	2.7683
LOC412069	-6738.568658	-6737.698653	1.74001
LOC412082	-3647.095768	-3645.808531	2.57447
LOC412097	-12673.044648	-12673.044648	0
LOC412115	-11940.174923	-11936.416261	7.51732
LOC412148	-2795.732311	-2795.732311	0
LOC412150	-11136.744213	-11136.744213	0
LOC412167	-11469.585321	-11469.585321	0
LOC412177	-7310.289186	-7308.192118	4.19414
LOC412195	-6474.006759	-6474.006647	0.000224
LOC412198	-22088.404061	-22088.404061	0
LOC412200	-9274.519238	-9270.487605	8.06327
LOC412232	-4359.293338	-4359.293338	0
LOC412235	-4097.954389	-4096.605847	2.69708
LOC412245	-6787.856967	-6787.856967	0
LOC412247	-4529.024758	-4528.334891	1.37973
LOC412263	-13179.809246	-13177.602598	4.4133
LOC412276	-3721.191538	-3720.458953	1.46517
LOC412277	-5281.897205	-5281.897205	0
LOC412278	-20106.400519	-20104.781720	3.2376
LOC412282	-16564.752857	-16563.264252	2.97721
LOC412287	-6899.523606	-6897.348947	4.34932
LOC412294	-4677.785873	-4677.785873	0
LOC412303	-3567.387735	-3567.387735	0
LOC412332	-15632.671235	-15632.671235	0
LOC412339	-3667.810794	-3666.560242	2.5011
LOC412348	-2783.980460	-2783.980460	0
LOC412366	-4188.821202	-4188.764869	0.112666
LOC412378	-3226.790390	-3225.805839	1.9691
LOC412410	-7215.979994	-7215.979994	0
LOC412422	-20053.546217	-20053.546217	0
LOC412423	-5522.454440	-5522.454440	0
LOC412467	-7132.515511	-7132.073022	0.884978
LOC412470	-6924.168650	-6922.762869	2.81156
LOC412526	-4474.074444	-4474.074444	0
LOC412540	-6658.705588	-6657.784335	1.84251
LOC412547	-1364.990916	-1364.990916	0
LOC412554	-3051.435638	-3051.435638	0
LOC412563	-6245.327721	-6245.073211	0.50902
LOC412573	-6796.375272	-6793.809537	5.13147
LOC412578	-2031.741520	-2031.741520	0
LOC412580	-7029.580942	-7029.580942	0
LOC412598	-4696.883449	-4696.883449	0
LOC412612	-5358.477171	-5358.477171	0
LOC412619	-5596.815098	-5596.815098	0
LOC412623	-13039.095563	-13037.132522	3.92608
LOC412624	-9646.243274	-9646.194706	0.097136
LOC412647	-4441.859625	-4441.859625	0
LOC412670	-6008.938295	-6007.343420	3.18975
LOC412675	-5426.595424	-5426.595424	0
LOC412687	-5091.554196	-5091.554196	0
LOC412690	-4618.269587	-4618.226914	0.085346
LOC412750	-12138.244096	-12135.107104	6.27398
LOC412762	-4392.186130	-4392.186130	0
LOC412810	-13660.920075	-13660.920075	0
LOC412816	-3362.634069	-3362.591031	0.086076
LOC412851	-4284.115076	-4284.115075	2e-06
LOC412870	-1230.959386	-1230.959386	0
LOC412878	-21356.521130	-21356.521130	0
LOC412889	-5899.018688	-5898.701250	0.634876
LOC412931	-6699.721996	-6699.056008	1.33198
LOC412933	-4706.537502	-4706.454204	0.166596
LOC412950	-9967.937418	-9966.740684	2.39347
LOC412956	-5086.250250	-5086.250251	-2e-06
LOC413006	-3937.161039	-3937.161039	0
LOC413011	-6541.064380	-6541.064380	0
LOC413030	-3243.880935	-3243.880935	0
LOC413032	-10861.303981	-10861.303982	-2e-06
LOC413065	-3369.457669	-3368.868184	1.17897
LOC413074	-15810.262086	-15810.262086	0
LOC413087	-9267.531088	-9267.531088	0
LOC413101	-5153.772408	-5153.772408	0
LOC413106	-8425.934204	-8425.682615	0.503178
LOC413110	-2357.528978	-2357.528978	0
LOC413119	-9907.018122	-9906.894753	0.246738
LOC413126	-7983.720597	-7983.720597	0
LOC413133	-4611.851606	-4609.380549	4.94211
LOC413153	-6824.332376	-6824.163081	0.33859
LOC413179	-2625.108138	-2625.108138	0
LOC413194	-6046.504343	-6040.676074	11.6565
LOC413196	-3030.144699	-3029.910110	0.469178
LOC413208	-7431.496733	-7430.738127	1.51721
LOC413228	-7183.671777	-7183.671777	0
LOC413233	-9524.582962	-9524.484163	0.197598
LOC413240	-2590.129582	-2590.129582	0
LOC413242	-9231.437908	-9229.168430	4.53896
LOC413246	-1773.736264	-1773.736264	0
LOC413250	-8332.457389	-8330.302653	4.30947
LOC413271	-6057.168352	-6055.523223	3.29026
LOC413275	-3471.598041	-3471.598041	0
LOC413297	-3440.755141	-3440.755141	0
LOC413305	-8380.785151	-8380.324152	0.921998
LOC413365	-4213.459076	-4213.459076	0
LOC413383	-3990.590920	-3987.247809	6.68622
LOC413389	-7714.612510	-7712.522908	4.1792
LOC413394	-2010.982130	-2010.982130	0
LOC413411	-8656.878732	-8656.878732	0
LOC413430	-5816.123525	-5816.123525	0
LOC413489	-6379.670113	-6379.670113	0
LOC413495	-3062.591673	-3062.591673	0
LOC413510	-16200.024959	-16199.805299	0.43932
LOC413520	-3290.549850	-3290.549850	0
LOC413529	-6611.391813	-6610.923777	0.936072
LOC413534	-5884.977866	-5884.977866	0
LOC413542	-14151.087459	-14151.087459	0
LOC413544	-7349.605291	-7349.605291	0
LOC413567	-4586.615391	-4583.779803	5.67118
LOC413573	-3467.096646	-3467.065527	0.062238
LOC413575	-10361.904857	-10361.904857	0
LOC413576	-8651.827581	-8651.827581	0
LOC413579	-6944.530825	-6944.530825	0
LOC413583	-5832.244846	-5832.142349	0.204994
LOC413601	-3136.931135	-3136.540594	0.781082
LOC413614	-1777.958698	-1777.958697	2e-06
LOC413619	-2282.145612	-2282.145612	0
LOC413643	-5606.761923	-5604.912893	3.69806
LOC413668	-9639.793939	-9639.252075	1.08373
LOC413672	-8879.320911	-8879.320911	0
LOC413678	-6232.680075	-6232.570233	0.219684
LOC413688	-6367.210393	-6367.210393	0
LOC413699	-6574.910620	-6574.910620	0
LOC413713	-9222.837922	-9222.270978	1.13389
LOC413736	-6733.966450	-6733.503758	0.925384
LOC413742	-8691.275767	-8691.275767	0
LOC413772	-6427.038502	-6427.038502	0
LOC413782	-10204.449320	-10194.629744	19.6392
LOC413796	-13445.549708	-13445.549708	0
LOC413815	-5052.293411	-5052.293411	0
LOC413827	-3051.884675	-3051.884675	0
LOC413854	-10471.760414	-10471.644648	0.231532
LOC413873	-19751.544545	-19748.623359	5.84237
LOC413878	-7963.703183	-7963.703183	0
LOC413881	-1661.599412	-1661.599412	0
LOC413889	-4364.999854	-4364.999854	0
LOC413909	-6454.490052	-6454.490052	0
LOC413914	-3643.864628	-3643.864628	0
LOC413916	-3320.680465	-3320.679929	0.001072
LOC413917	-7412.129894	-7412.124473	0.010842
LOC413950	-12384.587217	-12383.961920	1.25059
LOC413976	-2372.296608	-2368.935060	6.7231
LOC413987	-6250.187124	-6250.061032	0.252184
LOC414009	-7146.532382	-7146.532382	0
LOC414027	-1939.009335	-1938.881107	0.256456
LOC414035	-3401.557686	-3401.557686	0
LOC414039	-1059.458441	-1059.458436	1e-05
LOC494509	-4060.102800	-4060.102800	0
LOC550659	-4024.106832	-4021.718120	4.77742
LOC550695	-7816.242443	-7816.242443	0
LOC550701	-4189.747105	-4189.747105	0
LOC550710	-2253.958536	-2253.958536	0
LOC550716	-16255.429256	-16250.211634	10.4352
LOC550767	-3207.770352	-3205.554808	4.43109
LOC550780	-3221.429970	-3221.429970	0
LOC550789	-4126.604870	-4126.601038	0.007664
LOC550804	-8600.635519	-8600.635519	0
LOC550829	-21939.807232	-21937.688756	4.23695
LOC550834	-817.640553	-817.630483	0.02014
LOC550869	-6653.537884	-6650.740909	5.59395
LOC550881	-2536.066650	-2536.066650	0
LOC550884	-6812.087089	-6812.053888	0.066402
LOC550885	-6911.304667	-6910.727385	1.15456
LOC550901	-4659.488970	-4659.488970	0
LOC550903	-10070.287431	-10069.995377	0.584108
LOC550955	-3015.102943	-3015.102053	0.00178
LOC550970	-2253.395362	-2251.187647	4.41543
LOC550998	-3088.930491	-3087.130724	3.59953
LOC551009	-7267.134317	-7267.134317	0
LOC551012	-7929.924066	-7920.020423	19.8073
LOC551036	-4706.816811	-4706.816811	0
LOC551042	-2723.625274	-2723.625274	0
LOC551057	-3201.227796	-3201.227796	0
LOC551088	-5542.807768	-5540.462580	4.69038
LOC551093	-7064.338562	-7064.338562	0
LOC551100	-3023.129151	-3023.129151	0
LOC551114	-2324.686846	-2324.686846	0
LOC551116	-3519.661473	-3518.326874	2.6692
LOC551133	-4745.906137	-4745.635256	0.541762
LOC551177	-1930.592268	-1930.592268	0
LOC551194	-6825.569825	-6825.569825	0
LOC551198	-3718.000541	-3718.000278	0.000526
LOC551207	-9934.396320	-9931.648810	5.49502
LOC551208	-4445.762798	-4445.762798	0
LOC551212	-8443.710762	-8443.710762	0
LOC551219	-7524.185792	-7524.185792	0
LOC551231	-4950.125786	-4950.125786	0
LOC551248	-1833.145427	-1833.145427	0
LOC551276	-6594.389951	-6594.080289	0.619324
LOC551290	-5731.187709	-5728.300203	5.77501
LOC551304	-616.770521	-616.770521	0
LOC551314	-10208.522139	-10205.709863	5.62455
LOC551324	-5244.343410	-5244.343410	0
LOC551353	-2673.167252	-2673.167252	0
LOC551364	-5756.237407	-5756.237407	0
LOC551379	-6006.155814	-6001.987087	8.33745
LOC551381	-1153.788197	-1152.762732	2.05093
LOC551384	-4586.565807	-4586.565807	0
LOC551392	-5843.690745	-5841.428543	4.5244
LOC551395	-6402.306813	-6399.286802	6.04002
LOC551398	-14737.058161	-14732.807333	8.50166
LOC551405	-6989.109183	-6988.915897	0.386572
LOC551413	-2005.636037	-2005.636037	0
LOC551414	-4316.864251	-4316.246351	1.2358
LOC551416	-6700.072250	-6697.709541	4.72542
LOC551425	-12986.496492	-12986.496492	0
LOC551426	-4222.490713	-4222.490713	0
LOC551435	-7491.992243	-7488.609141	6.7662
LOC551439	-4179.370921	-4179.370429	0.000984
LOC551441	-3474.832856	-3473.799374	2.06696
LOC551445	-3839.702798	-3839.702798	0
LOC551447	-5445.679582	-5442.600146	6.15887
LOC551448	-3110.713180	-3110.713180	0
LOC551452	-4862.541445	-4861.899506	1.28388
LOC551457	-4512.835526	-4512.835526	0
LOC551467	-4963.294981	-4963.294981	0
LOC551484	-8681.473854	-8681.473854	0
LOC551500	-12790.965819	-12790.961906	0.007826
LOC551501	-2174.829876	-2174.829876	0
LOC551517	-5424.475768	-5424.475768	0
LOC551530	-22899.107766	-22899.107767	-2e-06
LOC551549	-6432.180947	-6432.180947	0
LOC551554	-1774.853980	-1774.853980	0
LOC551578	-9705.276038	-9704.522820	1.50644
LOC551581	-6621.190113	-6621.181310	0.017606
LOC551589	-2400.318783	-2400.318783	0
LOC551602	-7260.681615	-7260.681615	0
LOC551603	-2249.962729	-2249.962729	0
LOC551607	-1222.491840	-1222.491840	0
LOC551608	-5542.024133	-5542.024133	0
LOC551618	-6350.417023	-6349.213019	2.40801
LOC551619	-11126.433705	-11125.290712	2.28599
LOC551629	-16521.408570	-16519.959051	2.89904
LOC551631	-8649.570802	-8645.436332	8.26894
LOC551642	-5157.532566	-5157.015522	1.03409
LOC551662	-3114.589851	-3113.677558	1.82459
LOC551664	-4228.491672	-4227.500665	1.98201
LOC551668	-12719.943471	-12719.943471	0
LOC551679	-2571.225967	-2571.225967	0
LOC551683	-4678.700892	-4678.700892	0
LOC551695	-775.176371	-773.359753	3.63324
LOC551699	-5560.253584	-5560.253584	0
LOC551709	-13618.579077	-13618.579077	0
LOC551712	-6054.850884	-6054.850884	0
LOC551721	-5469.215878	-5469.215878	0
LOC551732	-4434.669508	-4428.786044	11.7669
LOC551749	-8040.320063	-8040.320063	0
LOC551753	-18540.664608	-18539.923037	1.48314
LOC551755	-1413.368783	-1413.368783	0
LOC551757	-2041.708959	-2041.708959	0
LOC551794	-2252.810309	-2252.810309	0
LOC551806	-4522.892680	-4522.665816	0.453728
LOC551815	-5100.188462	-5100.188462	0
LOC551817	-1586.059216	-1586.059216	0
LOC551819	-5327.690500	-5325.533114	4.31477
LOC551827	-4300.964363	-4300.964363	0
LOC551847	-4569.429307	-4569.429307	0
LOC551872	-3586.226730	-3586.226730	0
LOC551882	-3006.659876	-3006.659876	0
LOC551890	-5385.613684	-5381.832581	7.56221
LOC551892	-3562.209982	-3562.209982	0
LOC551898	-1358.391243	-1358.391243	0
LOC551912	-1040.392296	-1040.392296	0
LOC551922	-2207.144453	-2207.129123	0.03066
LOC551952	-3786.854348	-3786.854348	0
LOC551961	-1620.471264	-1620.471264	0
LOC551962	-2940.736147	-2940.736147	0
LOC551964	-7901.386052	-7901.386052	0
LOC551969	-7051.316395	-7051.316395	0
LOC551970	-15414.996861	-15414.996861	0
LOC551972	-5728.438505	-5728.432578	0.011854
LOC551980	-3298.724010	-3298.724010	0
LOC551982	-2492.271673	-2492.271673	0
LOC551986	-4591.750920	-4590.925779	1.65028
LOC552000	-2615.307560	-2615.307560	0
LOC552003	-3052.170440	-3050.875307	2.59027
LOC552009	-3764.512743	-3764.512743	0
LOC552036	-5939.448713	-5939.448713	0
LOC552043	-3827.275158	-3827.076560	0.397196
LOC552051	-3770.934072	-3769.471299	2.92555
LOC552056	-6035.229022	-6035.229022	0
LOC552091	-4499.131383	-4499.131383	0
LOC552093	-3924.436994	-3924.436994	0
LOC552095	-16145.354182	-16142.596065	5.51623
LOC552124	-3112.807281	-3112.807281	0
LOC552138	-1834.533773	-1834.533773	0
LOC552139	-3882.909767	-3882.909767	0
LOC552141	-3434.614368	-3433.556423	2.11589
LOC552144	-6867.378585	-6866.850540	1.05609
LOC552145	-2050.996825	-2049.217504	3.55864
LOC552150	-4889.436862	-4889.436862	0
LOC552156	-6458.239392	-6458.239395	-6e-06
LOC552161	-1464.731500	-1464.731500	0
LOC552163	-5993.497326	-5993.497326	0
LOC552180	-1768.412794	-1763.536775	9.75204
LOC552181	-3411.406559	-3411.406559	0
LOC552191	-4872.349304	-4872.349304	0
LOC552194	-6185.113422	-6185.113422	0
LOC552196	-2468.341682	-2468.064212	0.55494
LOC552197	-4251.839679	-4250.676222	2.32691
LOC552204	-1887.513281	-1887.513281	0
LOC552213	-2025.576318	-2022.902016	5.3486
LOC552237	-2367.392723	-2367.392723	0
LOC552245	-8764.883348	-8730.330975	69.1047
LOC552246	-4616.458103	-4616.458103	0
LOC552247	-9220.507959	-9216.577585	7.86075
LOC552249	-18849.761104	-18846.188620	7.14497
LOC552254	-5436.407188	-5434.707791	3.39879
LOC552263	-4098.707554	-4097.579264	2.25658
LOC552278	-4536.258720	-4536.258720	0
LOC552283	-3853.351178	-3853.327417	0.047522
LOC552315	-3617.009733	-3617.009733	0
LOC552327	-4882.195090	-4882.195070	4e-05
LOC552348	-2190.387234	-2190.387234	0
LOC552353	-1858.724149	-1857.728508	1.99128
LOC552377	-4743.361916	-4743.361916	0
LOC552392	-5096.220301	-5096.220301	0
LOC552398	-4582.419819	-4582.201772	0.436094
LOC552403	-1388.289508	-1387.782557	1.0139
LOC552410	-1337.480970	-1337.480970	0
LOC552413	-3971.542817	-3971.542816	2e-06
LOC552417	-7236.099408	-7234.618940	2.96094
LOC552419	-2051.224601	-2051.224601	0
LOC552424	-3302.811659	-3300.928376	3.76657
LOC552426	-2634.635862	-2633.763670	1.74438
LOC552432	-5855.765921	-5855.756670	0.018502
LOC552441	-2883.112982	-2881.186882	3.8522
LOC552443	-2459.606690	-2459.606690	0
LOC552449	-2511.293050	-2511.293050	0
LOC552451	-4834.556225	-4834.556225	0
LOC552455	-7507.929899	-7506.704947	2.4499
LOC552460	-1443.916981	-1443.916981	0
LOC552476	-1291.053818	-1291.053818	0
LOC552479	-9834.091483	-9830.820756	6.54145
LOC552485	-5728.734576	-5728.734576	0
LOC552488	-5058.654114	-5057.292983	2.72226
LOC552495	-10445.062204	-10444.595603	0.933202
LOC552496	-9506.644693	-9505.858130	1.57313
LOC552501	-1707.700006	-1707.700006	0
LOC552510	-7506.725084	-7505.362112	2.72594
LOC552511	-3712.040913	-3709.746777	4.58827
LOC552516	-3838.053369	-3838.053369	0
LOC552520	-4010.509596	-4010.509596	0
LOC552522	-7292.781916	-7292.696733	0.170366
LOC552528	-8221.948983	-8221.948983	0
LOC552529	-1442.897344	-1442.897344	0
LOC552531	-1156.392960	-1156.392960	0
LOC552533	-6644.063222	-6643.685861	0.754722
LOC552549	-5881.360475	-5876.639325	9.4423
LOC552551	-1412.815655	-1412.815655	0
LOC552562	-5279.608609	-5279.608609	0
LOC552566	-6583.389871	-6579.052576	8.67459
LOC552571	-7719.282585	-7719.273128	0.018914
LOC552590	-4496.513857	-4494.896703	3.23431
LOC552592	-7853.289057	-7853.289070	-2.6e-05
LOC552599	-1710.907779	-1710.907778	2e-06
LOC552607	-3788.132289	-3788.132289	0
LOC552641	-5474.961058	-5472.752120	4.41788
LOC552643	-9171.563277	-9170.193140	2.74027
LOC552654	-2662.460693	-2662.460693	0
LOC552656	-6493.314197	-6493.314197	0
LOC552658	-12951.790359	-12951.790359	0
LOC552662	-5088.888473	-5082.002724	13.7715
LOC552674	-12031.730516	-12029.972838	3.51536
LOC552686	-2401.361332	-2401.361332	0
LOC552688	-3353.985635	-3353.985635	0
LOC552696	-5000.186759	-5000.186759	0
LOC552715	-3718.026177	-3718.026177	0
LOC552719	-1352.306752	-1352.205802	0.2019
LOC552720	-2773.018174	-2771.443705	3.14894
LOC552721	-2724.954687	-2724.954687	0
LOC552723	-6985.977268	-6983.600314	4.75391
LOC552725	-7219.195612	-7219.195612	0
LOC552730	-1987.929449	-1987.929449	0
LOC552734	-3613.920663	-3613.920663	0
LOC552745	-5317.755019	-5314.612632	6.28477
LOC552747	-8790.064048	-8790.064048	0
LOC552748	-5417.651904	-5417.651904	0
LOC552756	-5467.934190	-5465.159392	5.5496
LOC552766	-5316.948265	-5316.948265	0
LOC552769	-3740.219228	-3740.192590	0.053276
LOC552772	-1496.768825	-1496.732143	0.073364
LOC552776	-7493.162266	-7493.162266	0
LOC552779	-1772.783965	-1772.783965	0
LOC552787	-10210.818282	-10210.216528	1.20351
LOC552794	-14945.758931	-14944.251020	3.01582
LOC552797	-3948.106372	-3946.120285	3.97217
LOC552802	-1570.124545	-1570.124545	0
LOC552804	-5445.365725	-5445.365725	0
LOC552807	-1732.027375	-1731.870020	0.31471
LOC552827	-649.292971	-649.292971	0
LOC552832	-4641.759648	-4641.759648	0
LOC552839			0
LOC724169	-2677.855477	-2677.855476	2e-06
LOC724170	-5172.755158	-5172.598016	0.314284
LOC724188	-1179.836839	-1179.836839	0
LOC724215	-19346.413064	-19344.452243	3.92164
LOC724216	-4453.135195	-4451.228256	3.81388
LOC724218	-4693.875242	-4692.977079	1.79633
LOC724239	-5512.444227	-5512.379626	0.129202
LOC724241	-1179.972322	-1179.318961	1.30672
LOC724247	-7256.669893	-7250.381783	12.5762
LOC724256	-2893.513397	-2890.552238	5.92232
LOC724291	-5069.034086	-5069.034086	0
LOC724292	-5274.380597	-5274.380597	0
LOC724296	-9728.357018	-9727.861705	0.990626
LOC724303	-1623.555438	-1623.555438	0
LOC724323	-4952.435238	-4949.996995	4.87649
LOC724339	-7436.772783	-7435.207083	3.1314
LOC724341	-3287.247765	-3287.247765	0
LOC724343	-1742.921557	-1742.921557	0
LOC724350	-2652.381148	-2652.381148	0
LOC724365	-1522.771481	-1522.771481	0
LOC724366	-1865.377902	-1864.238842	2.27812
LOC724386	-3061.921288	-3060.184084	3.47441
LOC724407	-175.071995	-175.071995	0
LOC724408	-1514.739114	-1514.739114	0
LOC724423	-25719.542997	-25717.503480	4.07903
LOC724432	-4442.140612	-4442.140611	2e-06
LOC724443	-4990.833185	-4988.299817	5.06674
LOC724486	-1576.668043	-1575.373313	2.58946
LOC724488	-3320.361310	-3320.144972	0.432676
LOC724496	-6303.655814	-6303.655814	0
LOC724510	-13885.722451	-13885.722451	0
LOC724533	-1635.691831	-1635.691831	0
LOC724542	-9429.395296	-9428.227898	2.3348
LOC724625	-693.014415	-693.014415	0
LOC724630	-1299.448750	-1299.168506	0.560488
LOC724648	-2501.380828	-2501.380828	0
LOC724654	-1837.869853	-1834.960623	5.81846
LOC724656	-11837.033221	-11837.033221	0
LOC724700	-5595.360491	-5594.946333	0.828316
LOC724703	-8124.297663	-8120.135183	8.32496
LOC724704	-5423.795086	-5423.795086	0
LOC724710	-3303.835591	-3303.835591	0
LOC724741	-9700.822147	-9693.604706	14.4349
LOC724742	-4390.506616	-4390.506616	0
LOC724769	-1440.686482	-1440.614131	0.144702
LOC724786	-1658.478839	-1658.478839	0
LOC724790	-3185.145308	-3182.923001	4.44461
LOC724794	-1300.948335	-1300.948335	0
LOC724798	-5222.322063	-5222.322063	0
LOC724809	-9256.169926	-9255.979523	0.380806
LOC724827	-2959.144380	-2957.677607	2.93355
LOC724863	-8313.775822	-8309.276872	8.9979
LOC724865	-13065.104619	-13064.463920	1.2814
LOC724885	-3015.086268	-3013.670337	2.83186
LOC724888	-1163.751325	-1163.751325	0
LOC724891	-7417.372679	-7417.119844	0.50567
LOC724896	-901.492393	-901.492393	0
LOC724926	-10584.024706	-10577.616523	12.8164
LOC724930	-8432.784342	-8432.206406	1.15587
LOC724932	-5571.341971	-5570.530771	1.6224
LOC724947	-3718.189599	-3718.189599	0
LOC724948	-10893.904923	-10892.536691	2.73646
LOC724953	-2906.800063	-2906.671687	0.256752
LOC724954	-1913.172749	-1913.172749	0
LOC725023	-5977.152296	-5974.594278	5.11604
LOC725026	-5293.048376	-5289.801601	6.49355
LOC725044	-5835.104983	-5834.295817	1.61833
LOC725055	-610.327915	-610.327915	0
LOC725111	-11570.725167	-11568.761806	3.92672
LOC725142	-936.704595	-936.704595	0
LOC725143	-4413.152950	-4413.152950	0
LOC725146	-4320.603881	-4320.603881	0
LOC725149	-12536.489404	-12534.086395	4.80602
LOC725178	-8411.959986	-8411.959986	0
LOC725184	-1254.613416	-1254.613416	0
LOC725204	-4052.429164	-4052.429164	0
LOC725216	-23584.521457	-23584.155076	0.732762
LOC725238	-4055.884626	-4055.485792	0.797668
LOC725240	-1341.568893	-1341.465009	0.207768
LOC725261	-1903.886975	-1903.886975	0
LOC725266	-1599.199068	-1599.199068	0
LOC725306	-25306.735055	-25298.922072	15.626
LOC725316	-1530.847079	-1530.847079	0
LOC725320	-9134.234925	-9133.866301	0.737248
LOC725325	-6960.243467	-6956.525161	7.43661
LOC725330	-6684.923675	-6684.872559	0.102232
LOC725343	-7670.287957	-7670.211507	0.1529
LOC725345	-1108.384026	-1108.384026	0
LOC725348	-5115.392748	-5115.392748	0
LOC725362	-3368.552605	-3368.502078	0.101054
LOC725363	-4368.552199	-4366.202178	4.70004
LOC725368	-5180.947874	-5180.459620	0.976508
LOC725374	-2601.454731	-2601.454731	0
LOC725388	-8554.955591	-8554.783588	0.344006
LOC725416	-1614.109901	-1614.007124	0.205554
LOC725459	-3231.778996	-3231.311923	0.934146
LOC725477	-7616.105884	-7616.105884	0
LOC725478	-2649.597390	-2649.597390	0
LOC725486	-10205.827306	-10205.271382	1.11185
LOC725491	-2187.376181	-2186.294000	2.16436
LOC725496	-5604.526798	-5603.892085	1.26943
LOC725505	-3032.881611	-3032.881611	0
LOC725512	-7064.762915	-7063.584664	2.3565
LOC725529	-3798.624128	-3798.624128	0
LOC725539	-7693.720314	-7691.973894	3.49284
LOC725551	-2735.472888	-2735.472888	0
LOC725552	-9520.068352	-9520.068352	0
LOC725566	-1887.317953	-1887.101510	0.432886
LOC725569	-4840.353829	-4839.838432	1.03079
LOC725571	-5647.494012	-5647.264871	0.458282
LOC725572	-1223.960716	-1223.960716	0
LOC725576	-8936.239081	-8934.131488	4.21519
LOC725603	-2563.312709	-2562.460359	1.7047
LOC725609	-852.022214	-852.022214	0
LOC725611	-20454.725386	-20447.251373	14.948
LOC725612	-13450.428771	-13450.022893	0.811756
LOC725628	-3091.028907	-3091.028013	0.001788
LOC725633	-1653.677627	-1653.677627	0
LOC725641	-1089.461614	-1089.461614	0
LOC725661	-7090.954138	-7089.343811	3.22065
LOC725686	-929.313208	-929.313208	0
LOC725688	-2399.510799	-2395.627678	7.76624
LOC725690	-4185.526218	-4184.029285	2.99387
LOC725701	-7079.274642	-7079.274642	0
LOC725705	-1294.846844	-1294.758786	0.176116
LOC725719	-14075.084106	-14074.163966	1.84028
LOC725744	-2708.708848	-2708.708848	0
LOC725753	-3534.661710	-3534.661710	0
LOC725756	-6755.816305	-6755.730858	0.170894
LOC725770	-9180.418169	-9177.971550	4.89324
LOC725780	-4297.527125	-4297.527125	0
LOC725801	-4886.804475	-4882.377663	8.85362
LOC725835	-1350.995587	-1349.238650	3.51387
LOC725856	-1569.503077	-1569.503077	0
LOC725880	-784.867810	-784.867810	0
LOC725881	-3508.883782	-3508.453493	0.860578
LOC725896	-6163.520473	-6163.219727	0.601492
LOC725899	-5339.377010	-5339.377010	0
LOC725922	-7228.784862	-7228.354646	0.860432
LOC725942	-1797.130880	-1796.104215	2.05333
LOC725947	-697.807639	-697.807639	0
LOC726002	-14675.279837	-14672.101346	6.35698
LOC726015	-3668.608019	-3668.608019	0
LOC726030	-9867.731556	-9867.298667	0.865778
LOC726040	-12604.269861	-12603.578033	1.38366
LOC726061	-1378.641327	-1378.641327	0
LOC726095	-4072.112815	-4072.112815	0
LOC726102	-7505.360054	-7502.717393	5.28532
LOC726118	-1705.961973	-1705.891391	0.141164
LOC726131	-1224.592760	-1224.592760	0
LOC726163	-3001.094768	-3001.094768	0
LOC726164	-2473.851746	-2473.851746	0
LOC726167	-3206.822937	-3206.822937	0
LOC726172	-4142.939901	-4142.696076	0.48765
LOC726187	-9029.701441	-9029.701434	1.4e-05
LOC726197	-2042.178181	-2042.178181	0
LOC726205	-3190.296600	-3190.296600	0
LOC726212	-8576.386181	-8576.386181	0
LOC726221	-1608.591731	-1606.973576	3.23631
LOC726227	-6966.252516	-6966.019758	0.465516
LOC726237	-3810.205804	-3808.175185	4.06124
LOC726239	-3950.881511	-3949.773618	2.21579
LOC726240	-1815.337061	-1815.337061	0
LOC726253	-2813.144120	-2813.144120	0
LOC726255	-5105.521203	-5104.741515	1.55938
LOC726289	-2505.513695	-2505.510578	0.006234
LOC726302	-2535.089916	-2535.089916	0
LOC726303	-3610.855643	-3610.855643	0
LOC726310	-12842.078275	-12838.452484	7.25158
LOC726315	-7371.713807	-7368.116540	7.19453
LOC726352	-3602.795597	-3601.762615	2.06596
LOC726380	-4383.387926	-4382.131181	2.51349
LOC726389	-5695.105730	-5694.466884	1.27769
LOC726409	-1904.633285	-1904.633285	0
LOC726414	-11945.654489	-11943.858021	3.59294
LOC726418	-6037.721671	-6037.721671	0
LOC726428	-2627.335285	-2625.166041	4.33849
LOC726497	-27790.354554	-27789.982573	0.743962
LOC726498	-1533.314895	-1533.283657	0.062476
LOC726500	-1422.111140	-1422.110350	0.00158
LOC726540	-15841.489520	-15839.508735	3.96157
LOC726562	-8078.672210	-8078.672210	0
LOC726579	-8552.778764	-8552.669860	0.217808
LOC726583	-10079.307256	-10078.204517	2.20548
LOC726609	-1844.782869	-1844.782869	0
LOC726626	-2254.906098	-2254.781396	0.249404
LOC726637	-9593.246151	-9592.260616	1.97107
LOC726666	-916.889857	-916.889857	0
LOC726720	-1803.125875	-1803.125875	0
LOC726721	-686.181886	-686.181886	0
LOC726742	-13844.314386	-13842.758535	3.1117
LOC726747	-1757.910372	-1757.302882	1.21498
LOC726754	-4804.125368	-4804.125368	0
LOC726760	-8981.414186	-8981.088983	0.650406
LOC726800	-4905.847039	-4901.320139	9.0538
LOC726811	-4440.217991	-4437.604112	5.22776
LOC726812	-6197.484204	-6196.112805	2.7428
LOC726822	-2817.509751	-2817.509751	0
LOC726826	-5686.943253	-5686.943253	0
LOC726850	-1876.921790	-1874.439079	4.96542
LOC726869	-7608.049998	-7607.138337	1.82332
LOC726872	-2536.503999	-2535.875984	1.25603
LOC726887	-3265.745134	-3265.745134	0
LOC726890	-4039.562328	-4039.562328	0
LOC726923	-1195.811626	-1195.811626	0
LOC726928	-12041.063164	-12040.014272	2.09778
LOC726947	-7490.609262	-7487.493839	6.23085
LOC726958	-2628.843917	-2627.863637	1.96056
LOC726983	-7621.561576	-7621.131858	0.859436
LOC726999	-3886.032928	-3886.032928	0
LOC727004	-2399.784803	-2396.943788	5.68203
LOC727009	-9842.304118	-9842.304118	0
LOC727022	-8908.853486	-8908.853486	0
LOC727025	-589.044256	-589.044256	0
LOC727027	-8379.070140	-8379.070140	0
LOC727048	-3678.446813	-3676.694808	3.50401
LOC727116	-2543.336256	-2543.336256	0
LOC727122	-1120.547832	-1120.547832	0
LOC727146	-10201.026348	-10197.297181	7.45833
LOC727186	-1443.512648	-1443.343212	0.338872
LOC727229	-9247.990333	-9242.528681	10.9233
LOC727237	-6714.152631	-6713.468548	1.36817
LOC727238	-25794.252797	-25794.252797	0
LOC727299	-5624.773816	-5624.773816	0
LOC727303	-5357.124014	-5355.690253	2.86752
LOC727320	-7659.929251	-7659.198938	1.46063
LOC727378	-934.450563	-934.450563	0
LOC727396	-14790.661667	-14789.109328	3.10468
LOC727420	-4414.333372	-4414.333372	0
LOC727456	-277.783787	-276.266639	3.0343
LOC727495	-11492.938830	-11492.664797	0.548066
LOC727539	-3920.209148	-3920.209148	0
LOC727582	-4871.524689	-4871.524689	0
LOC727622	-5672.302803	-5672.302803	0
LOC727634	-5950.586389	-5942.217485	16.7378
LOC727652	-17796.918891	-17795.338393	3.161
NOS	-14246.240878	-14246.145208	0.19134
PGRP-S3	-2051.448636	-2049.473123	3.95103
Ppib	-2074.794769	-2074.794769	0
PPO	-8217.403483	-8217.403483	0
Pten	-1746.308394	-1746.308394	0
Rnft2	-6016.604578	-6016.479635	0.249886
RpL35	-1631.643467	-1631.643467	0
Smb	-1754.295329	-1754.295329	0
Snf	-2314.796268	-2314.796268	0
STT3B	-7329.496637	-7329.496637	0
Tpi	-2709.800828	-2709.663234	0.275188
Tspan6	-4810.761441	-4809.837462	1.84796
Usp	-4582.078581	-4582.078581	0
Vg	-42686.615859	-42670.324158	32.5834
Vha16	-1298.027822	-1298.027822	0
Gene	lnL_Null	lnL_Alt	LRT
LOC406097	-8167.501597	-8167.501597	0
LOC408358	-19048.066385	-19048.066385	0
LOC408391	-4453.430071	-4453.430071	0
LOC408426	-3245.447590	-3245.406912	0.081356
LOC408438	-14424.801590	-14421.569471	6.46424
LOC408717	-3369.198180	-3369.198180	0
LOC408808	-14417.147367	-14414.361830	5.57107
LOC408834	-4232.171697	-4232.171697	0
LOC408851	-1543.521472	-1543.521472	0
LOC408924	-6090.108155	-6090.108155	0
LOC409036	-1422.459910	-1422.459910	0
LOC409055	-4805.297193	-4805.297193	0
LOC409125	-17261.844973	-17256.498702	10.6925
LOC409165	-5608.626444	-5605.858584	5.53572
LOC409226	-7892.610993	-7890.339952	4.54208
LOC409286	-3555.284784	-3555.284784	0
LOC409334	-9979.592991	-9978.485743	2.2145
LOC409336	-3568.257186	-3568.257186	0
LOC409341	-5694.112818	-5694.112818	0
LOC409365	-14235.118071	-14233.959576	2.31699
LOC409386	-1132.587831	-1132.587831	0
LOC409393	-26688.453988	-26686.872357	3.16326
LOC409495	-4292.565196	-4292.565196	0
LOC409523	-3502.967504	-3502.967504	0
LOC409529	-1982.098259	-1982.098259	0
LOC411270	-9293.638485	-9292.066940	3.14309
LOC411295	-2903.823345	-2903.763786	0.119118
LOC411519	-5558.246580	-5558.165450	0.16226
LOC411566	-14216.642773	-14216.642773	0
LOC411639	-48661.714166	-48658.808270	5.81179
LOC411892	-4104.710282	-4104.710282	0
LOC411915	-4488.252145	-4488.252145	0
LOC411980	-7731.620556	-7731.620556	0
LOC552062	-5449.373112	-5448.870312	1.0056
LOC102654146	-4548.214708	-4546.653453	3.12251
LOC411083	-11680.273798	-11678.018765	4.51007
LOC411457	-5571.780627	-5571.780627	0
LOC411796	-5311.349010	-5311.021210	0.6556
LOC551837	-12242.968372	-12240.853659	4.22943
LOC551931	-3245.582220	-3245.582220	0
LOC726476	-4808.520392	-4804.711347	7.61809
