Gene	lnL_Null	lnL_Alt	LRT
LOC102654146	-4552.970053	-4552.970053	0
LOC411083	-11678.617064	-11676.709322	3.81548
LOC411457	-5559.204455	-5556.362528	5.68385
LOC411796	-5312.257649	-5312.257649	0
LOC551837	-12240.067981	-12233.087335	13.9613
LOC551931	-3243.221831	-3243.112551	0.21856
LOC726476	-4809.305151	-4809.300882	0.008538
Arp1	-3666.895151	-3666.895148	6e-06
B-gluc1	-8571.549080	-8571.329225	0.43971
Cox6c	-1488.901464	-1488.901464	0
CPR14	-1855.649847	-1855.649847	0
CPR19	-3269.799921	-3269.799921	0
CSP6	-1973.376851	-1970.888921	4.97586
CytC	-1423.379751	-1423.379751	0
Dcr-1	-17108.317659	-17083.804607	49.0261
Dl	-10531.085901	-10487.557163	87.0575
Dnmt3	-9955.133511	-9950.200778	9.86547
Ecr	-4687.473094	-4687.473094	0
egh	-5747.014982	-5742.560125	8.90971
FAR1	-7140.230497	-7139.109173	2.24265
Gat-1B	-7489.329107	-7489.329107	0
Gat-a	-7590.845859	-7590.845859	0
Gfat2	-9209.047145	-9207.761792	2.57071
GlnS	-5416.745198	-5413.131845	7.22671
GstD1	-4391.925355	-4389.999467	3.85178
GstS4	-3263.699562	-3261.974848	3.44943
Imd	-4526.994905	-4526.994905	0
Jtb	-8378.027106	-8378.027106	0
KAT2A	-9557.736608	-9557.078867	1.31548
LOC100379261	-6101.916699	-6101.900413	0.032572
LOC100576099	-2096.699912	-2096.438850	0.522124
LOC100576186	-7579.085033	-7579.085033	0
LOC100576195	-1542.303422	-1542.303422	0
LOC100576337	-3442.991244	-3440.683864	4.61476
LOC100576383	-6942.649988	-6942.540966	0.218044
LOC100576411	-9064.980305	-9064.980305	0
LOC100576527	-8828.037349	-8818.839957	18.3948
LOC100576646	-3360.066901	-3358.907979	2.31784
LOC100576649	-8758.928572	-8758.928572	0
LOC100576660	-9031.370138	-9029.049695	4.64089
LOC100576742	-15610.428593	-15609.696658	1.46387
LOC100576795	-3885.271362	-3885.271362	0
LOC100576801	-3753.054534	-3753.054534	0
LOC100576818	-4880.130548	-4879.648064	0.964968
LOC100576819	-7687.435610	-7684.226229	6.41876
LOC100576826	-3583.492090	-3583.492090	0
LOC100576862	-6288.616169	-6287.460770	2.3108
LOC100577002	-8142.884816	-8142.439329	0.890974
LOC100577019	-487.818240	-487.818240	0
LOC100577050	-8149.105983	-8149.095699	0.020568
LOC100577053	-9030.848172	-9030.661208	0.373928
LOC100577136	-5989.202247	-5989.202247	0
LOC100577140	-8782.011411	-8781.439690	1.14344
LOC100577174	-18803.419380	-18801.349176	4.14041
LOC100577196	-9775.757057	-9775.757057	0
LOC100577401	-16692.770041	-16692.770041	0
LOC100577423	-5058.088364	-5058.054413	0.067902
LOC100577481	-7682.999489	-7681.892337	2.2143
LOC100577493	-9542.134832	-9540.610868	3.04793
LOC100577519			0
LOC100577687	-7341.936570	-7341.710265	0.45261
LOC100577690	-2326.993028	-2326.993028	0
LOC100577763	-37588.192431	-37582.109923	12.165
LOC100577764	-1764.601192	-1764.596384	0.009616
LOC100577841	-4300.372650	-4300.372650	0
LOC100577870	-1455.706144	-1455.706144	0
LOC100577972	-67381.447091	-67368.349991	26.1942
LOC100578030	-5503.546863	-5500.861956	5.36981
LOC100578035	-3697.346076	-3697.346076	0
LOC100578071	-27463.559842	-27459.418712	8.28226
LOC100578156	-4119.672915	-4119.672915	0
LOC100578168	-2228.412440	-2228.412440	0
LOC100578209	-4742.883366	-4742.883366	0
LOC100578215	-6353.336002	-6353.287807	0.09639
LOC100578235	-1919.028768	-1919.028768	0
LOC100578255	-23336.967970	-23336.601297	0.733346
LOC100578277	-1115.865449	-1115.865449	0
LOC100578329	-9299.621813	-9298.634751	1.97412
LOC100578356	-19587.454973	-19581.697630	11.5147
LOC100578380	-2966.581739	-2966.578329	0.00682
LOC100578433	-22938.934321	-22933.590313	10.688
LOC100578450	-11481.305857	-11469.013655	24.5844
LOC100578537	-11218.013896	-11218.013896	0
LOC100578560	-1649.862766	-1649.862766	0
LOC100578586	-10975.997279	-10974.149926	3.69471
LOC100578697	-2797.908336	-2796.330685	3.1553
LOC100578725	-1133.930588	-1133.930588	0
LOC100578875	-4992.898343	-4992.117662	1.56136
LOC100578893	-11050.810070	-11050.810070	0
LOC102653793	-5577.293432	-5576.862847	0.86117
LOC102653879	-4446.920732	-4444.719470	4.40252
LOC102653930	-1477.985645	-1477.985645	0
LOC102653951	-1985.256110	-1985.255703	0.000814
LOC102654014	-3589.956930	-3589.751536	0.410788
LOC102654165	-4722.677037	-4722.677037	0
LOC102654312	-5262.523863	-5262.523863	0
LOC102654349	-959.008669	-959.008669	0
LOC102654365	-8188.846539	-8176.718116	24.2568
LOC102654610	-3855.882052	-3855.882052	0
LOC102654621	-6702.224325	-6702.224325	0
LOC102654987	-2045.525559	-2045.525559	0
LOC102655219	-4878.798431	-4878.798431	0
LOC102655244	-9660.925808	-9660.925808	0
LOC102655259	-9879.095469	-9876.959153	4.27263
LOC102655470	-551.505832	-551.505832	0
LOC102655679	-3350.712746	-3348.496413	4.43267
LOC102655688	-7853.554312	-7853.554312	0
LOC102655836	-6361.753395	-6359.069519	5.36775
LOC102655877	-4944.481257	-4944.481257	0
LOC102655904	-1683.673251	-1683.673251	0
LOC102655948	-4154.669138	-4154.669138	0
LOC102656183	-1841.318427	-1841.318427	0
LOC102656263	-2853.283384	-2851.909503	2.74776
LOC102656287	-1672.372924	-1672.372924	0
LOC107963993	-5520.849735	-5517.523849	6.65177
LOC107964089	-2767.731901	-2767.731901	0
LOC107964507	-1442.446402	-1439.878353	5.1361
LOC107965021	-1491.637550	-1491.637550	0
LOC107965199	-9225.247757	-9223.988778	2.51796
LOC107965225	-2528.529657	-2528.529652	1e-05
LOC107965250	-5534.507567	-5534.506396	0.002342
LOC107965266	-6706.075626	-6705.881886	0.38748
LOC107965508	-3970.703324	-3970.323658	0.759332
LOC107965749	-5552.023337	-5552.023337	0
LOC107965828	-3751.147618	-3751.147618	0
LOC113218526	-11246.288335	-11246.288335	0
LOC113218534	-4985.651948	-4985.651948	0
LOC113218670	-2779.489042	-2779.489042	0
LOC406097	-8167.205234	-8167.205234	0
LOC406114	-9783.739546	-9780.698504	6.08208
LOC408271	-6691.074090	-6691.074075	3e-05
LOC408286	-12231.400398	-12231.400094	0.000608
LOC408303	-5185.416261	-5185.321258	0.190006
LOC408312	-7852.844537	-7852.844537	0
LOC408355	-5886.634726	-5886.634726	0
LOC408358	-19066.071547	-19065.720415	0.702264
LOC408369	-3172.535445	-3172.535445	0
LOC408391	-4453.432139	-4453.430067	0.004144
LOC408402	-7158.984077	-7158.984077	0
LOC408421	-9027.451397	-9027.163831	0.575132
LOC408426	-3242.742707	-3240.247906	4.9896
LOC408426	-3242.742707	-3240.247906	4.9896
LOC408434	-5856.884918	-5856.884851	0.000134
LOC408438	-14417.593401	-14417.244420	0.697962
LOC408458	-13000.836896	-13000.836896	0
LOC408461	-3729.126887	-3728.921862	0.41005
LOC408474	-9904.174508	-9904.174508	0
LOC408501	-15065.238750	-15065.237911	0.001678
LOC408511	-3733.109554	-3733.023386	0.172336
LOC408520	-3362.198793	-3362.198793	0
LOC408533	-16623.187000	-16623.187000	0
LOC408573	-2866.965714	-2866.965714	0
LOC408575	-4881.489621	-4881.489500	0.000242
LOC408592	-6447.118505	-6447.040338	0.156334
LOC408597	-4358.123149	-4356.091147	4.064
LOC408649	-7009.832845	-7009.832845	0
LOC408661	-9178.217429	-9178.217429	0
LOC408668	-11326.579841	-11326.579841	0
LOC408687	-3692.916771	-3690.550415	4.73271
LOC408717	-3364.118207	-3363.660689	0.915036
LOC408741	-4276.771064	-4276.771064	0
LOC408742	-8631.864261	-8631.450183	0.828156
LOC408748	-2005.507549	-2003.983819	3.04746
LOC408766	-2711.018550	-2711.018550	0
LOC408774	-41868.080834	-41868.043820	0.074028
LOC408785	-3382.615012	-3382.615012	0
LOC408791	-15370.393870	-15346.022944	48.7419
LOC408793	-11758.254052	-11758.254052	0
LOC408804	-12014.038613	-12014.038613	0
LOC408808	-14405.815513	-14392.630022	26.371
LOC408808	-14405.815513	-14392.630022	26.371
LOC408815	-18474.760453	-18472.742798	4.03531
LOC408819	-2239.214863	-2238.401095	1.62754
LOC408827	-3216.265688	-3216.265688	0
LOC408833	-3061.839626	-3061.139579	1.40009
LOC408834	-4231.218067	-4231.218067	0
LOC408851	-1535.823621	-1535.823621	0
LOC408871	-5891.463511	-5891.315112	0.296798
LOC408892	-5272.702767	-5272.632181	0.141172
LOC408906	-7495.179343	-7495.179343	0
LOC408924	-6091.417139	-6090.887635	1.05901
LOC408925	-9678.229405	-9674.855111	6.74859
LOC408955	-6713.034715	-6713.034715	0
LOC408971	-2077.500026	-2076.527708	1.94464
LOC408979	-5551.666894	-5551.666894	0
LOC408989	-9923.100605	-9922.810181	0.580848
LOC409004	-1717.391513	-1717.391513	0
LOC409023	-5134.288558	-5134.288558	0
LOC409026	-3221.087046	-3212.566752	17.0406
LOC409032	-11853.420661	-11853.155519	0.530284
LOC409036	-1422.459910	-1422.459910	0
LOC409036	-1422.459910	-1422.459910	0
LOC409041	-3908.980493	-3908.980493	0
LOC409055	-4796.117532	-4796.117532	0
LOC409068	-4634.574404	-4634.574404	0
LOC409098	-13358.517964	-13358.510727	0.014474
LOC409103	-4365.739591	-4365.739591	0
LOC409125	-17262.990349	-17262.364966	1.25077
LOC409157	-7989.873929	-7989.873929	0
LOC409165	-5614.096203	-5612.205078	3.78225
LOC409179	-5792.529160	-5790.573641	3.91104
LOC409180	-6528.065366	-6528.036690	0.057352
LOC409189	-5523.896192	-5523.896192	0
LOC409196	-7740.657866	-7739.757396	1.80094
LOC409201	-1896.509570	-1896.509570	0
LOC409203	-8524.729228	-8524.158682	1.14109
LOC409226	-7892.693300	-7892.693300	0
LOC409245	-4573.365327	-4573.363736	0.003182
LOC409249	-13677.059959	-13677.059958	2e-06
LOC409260	-6636.917241	-6636.917241	0
LOC409263	-3951.681169	-3951.400702	0.560934
LOC409265	-7543.129612	-7543.127620	0.003984
LOC409270	-5554.023245	-5554.023245	0
LOC409271	-24425.369440	-24425.369436	8e-06
LOC409286	-3550.631920	-3550.146651	0.970538
LOC409292	-4088.949446	-4088.949445	2e-06
LOC409308	-763.917338	-763.917338	0
LOC409320	-3031.575374	-3031.575374	0
LOC409329	-3748.705120	-3743.984542	9.44116
LOC409334	-9978.555611	-9978.555611	0
LOC409336	-3563.642744	-3563.642744	0
LOC409341	-5692.499833	-5687.733812	9.53204
LOC409361	-2637.618142	-2637.618142	0
LOC409365	-14232.583930	-14229.033166	7.10153
LOC409373	-3673.613559	-3673.613367	0.000384
LOC409377	-7366.958656	-7366.958655	2e-06
LOC409386	-1132.587831	-1132.587831	0
LOC409388	-3109.475943	-3107.432249	4.08739
LOC409393	-26690.669361	-26690.669361	0
LOC409410	-5461.662142	-5432.693398	57.9375
LOC409411	-3634.373747	-3633.722159	1.30318
LOC409425	-11360.667222	-11356.956285	7.42187
LOC409427	-4579.489060	-4578.936572	1.10498
LOC409441	-4656.870435	-4649.565098	14.6107
LOC409465	-72.599419	-72.230104	0.73863
LOC409488	-3494.055522	-3494.055522	0
LOC409491	-4486.471818	-4485.818996	1.30564
LOC409495	-4288.399391	-4286.273967	4.25085
LOC409499	-4211.627556	-4186.866990	49.5211
LOC409511	-3868.858335	-3852.205072	33.3065
LOC409520	-2979.247311	-2979.232318	0.029986
LOC409523	-3504.000336	-3504.000336	0
LOC409529	-1981.385399	-1981.385399	0
LOC409529	-1981.385399	-1981.385399	0
LOC409538	-1997.107512	-1997.107512	0
LOC409559	-6154.657830	-6154.657830	0
LOC409586	-2956.649829	-2952.544734	8.21019
LOC409607	-3253.800576	-3253.800576	0
LOC409633	-3129.626452	-3127.828496	3.59591
LOC409643	-4873.153216	-4873.153216	0
LOC409662	-3266.271140	-3266.271140	0
LOC409667	-1189.917321	-1189.917321	0
LOC409670	-8493.928857	-8493.928857	0
LOC409673	-31239.997655	-31222.465809	35.0637
LOC409689	-6428.941903	-6428.941903	0
LOC409704	-6899.062178	-6897.979141	2.16607
LOC409724	-7589.166782	-7584.438512	9.45654
LOC409726	-7545.692177	-7545.692177	0
LOC409736	-5979.046341	-5977.261156	3.57037
LOC409740	-3626.298516	-3626.298516	0
LOC409749	-1615.647564	-1615.647564	0
LOC409762	-2220.776308	-2220.776308	0
LOC409769	-5938.610038	-5938.610038	0
LOC409791	-3372.010854	-3371.215290	1.59113
LOC409795	-13934.654639	-13931.610596	6.08809
LOC409814	-9405.656771	-9405.656771	0
LOC409833	-5599.749326	-5599.300231	0.89819
LOC409838	-8521.373361	-8520.537079	1.67256
LOC409852	-6702.839819	-6701.525410	2.62882
LOC409857	-1348.936328	-1348.936328	0
LOC409860	-7696.769865	-7696.355231	0.829268
LOC409863	-2785.247008	-2784.448335	1.59735
LOC409900	-2511.296806	-2511.296806	0
LOC409905	-7200.410811	-7196.054741	8.71214
LOC409909	-4059.925721	-4056.524515	6.80241
LOC409910	-1745.579825	-1745.579825	0
LOC409911	-6221.464607	-6221.460226	0.008762
LOC409920	-1197.777356	-1197.777356	0
LOC409924	-5834.668173	-5834.668173	0
LOC409925	-1961.403495	-1961.403495	0
LOC409928	-9812.572728	-9812.572728	0
LOC409930	-2418.171523	-2417.631266	1.08051
LOC409941	-10077.463323	-10077.463323	0
LOC409945	-6608.565194	-6608.565194	0
LOC409976	-3430.023629	-3429.529705	0.987848
LOC410039	-5382.704850	-5382.704850	0
LOC410055	-3524.432082	-3524.422593	0.018978
LOC410059	-5603.891719	-5602.014405	3.75463
LOC410087	-3981.462841	-3981.462841	0
LOC410091	-4573.569455	-4573.569455	0
LOC410097	-17931.702687	-17930.642259	2.12086
LOC410105	-6457.878339	-6457.878339	0
LOC410107	-8859.362508	-8858.051859	2.6213
LOC410118	-6282.219148	-6282.219148	0
LOC410155	-4.813935	-4.813935	0
LOC410157	-1649.285728	-1649.285728	0
LOC410159	-16592.287177	-16580.351762	23.8708
LOC410172	-5755.305855	-5755.261304	0.089102
LOC410183	-19176.407612	-19176.407612	0
LOC410241	-1791.668266	-1791.668266	0
LOC410257	-4612.854769	-4612.854769	0
LOC410270	-7515.480085	-7515.480085	0
LOC410283	-3340.137510	-3340.137510	0
LOC410286	-10662.274019	-10662.274019	0
LOC410289	-10179.382340	-10176.117888	6.5289
LOC410337	-11376.353389	-11375.003162	2.70045
LOC410338	-4590.845374	-4589.785709	2.11933
LOC410371	-12234.731884	-12234.731884	0
LOC410376	-3836.988904	-3836.988904	0
LOC410379	-11930.948186	-11930.063977	1.76842
LOC410383	-7112.772343	-7112.772343	0
LOC410395	-1749.350168	-1741.448554	15.8032
LOC410414	-11960.418312	-11960.335508	0.165608
LOC410420	-3315.362311	-3315.362311	0
LOC410451	-8132.255882	-8131.638690	1.23438
LOC410456	-4975.804725	-4974.708666	2.19212
LOC410470	-5490.078232	-5486.867898	6.42067
LOC410484	-10047.517188	-10047.129189	0.775998
LOC410485	-11483.921293	-11483.921292	2e-06
LOC410510	-11037.448760	-11032.128499	10.6405
LOC410512	-4896.590081	-4895.927465	1.32523
LOC410525	-1721.422907	-1721.422907	0
LOC410538	-10302.302340	-10302.302340	0
LOC410542	-6071.164284	-6071.164284	0
LOC410550	-8435.558074	-8434.568237	1.97967
LOC410561	-2759.569098	-2759.569098	0
LOC410571	-16256.097757	-16254.246076	3.70336
LOC410575	-3907.717005	-3907.717005	0
LOC410577	-2902.328931	-2900.668627	3.32061
LOC410583	-6367.782996	-6367.681699	0.202594
LOC410585	-21865.501017	-21859.639642	11.7228
LOC410618	-5971.228857	-5971.228857	0
LOC410630	-14541.607919	-14539.236692	4.74245
LOC410636	-1938.819407	-1938.819407	0
LOC410663	-1727.270623	-1727.270623	0
LOC410664	-9272.205282	-9270.040125	4.33031
LOC410719	-5099.130400	-5099.127731	0.005338
LOC410732	-5475.191644	-5475.191644	0
LOC410811	-9057.470425	-9057.470425	0
LOC410812	-2066.347227	-2066.347227	0
LOC410821	-3497.569438	-3497.304548	0.52978
LOC410837	-2913.305806	-2913.305806	0
LOC410860	-3839.074204	-3839.074204	0
LOC410879	-6009.031854	-6008.585535	0.892638
LOC410907	-5259.883943	-5256.473472	6.82094
LOC410911	-5908.533552	-5905.118371	6.83036
LOC410938	-6620.374189	-6620.374185	8e-06
LOC410940	-19509.924016	-19509.924016	0
LOC410943	-3822.704990	-3822.704990	0
LOC410952	-4535.154628	-4535.154628	0
LOC410969	-2270.081643	-2270.081643	0
LOC410973	-1734.051655	-1734.051655	0
LOC410985	-3802.884880	-3802.884876	8e-06
LOC411043	-7237.731494	-7237.731493	2e-06
LOC411048	-2873.923174	-2873.923174	0
LOC411054	-6097.485791	-6097.485791	0
LOC411070	-14449.118736	-14449.118736	0
LOC411088	-2053.155399	-2031.570623	43.1696
LOC411100	-4160.171807	-4159.039978	2.26366
LOC411115	-41789.428809	-41788.724835	1.40795
LOC411147	-9612.242127	-9609.871607	4.74104
LOC411148	-6802.316765	-6802.316765	0
LOC411163	-6435.269083	-6433.150904	4.23636
LOC411164	-5705.477151	-5705.477151	0
LOC411167	-7821.631349	-7818.838312	5.58607
LOC411188	-5923.599664	-5918.212183	10.775
LOC411191	-2118.989134	-2118.989134	0
LOC411214	-4469.487254	-4469.487254	0
LOC411233	-10184.195917	-10184.090811	0.210212
LOC411249	-13779.644596	-13779.644596	0
LOC411260	-1234.383680	-1234.383680	0
LOC411261	-10247.616887	-10247.616887	0
LOC411270	-9294.906541	-9294.906541	0
LOC411270	-9294.906541	-9294.906541	0
LOC411288	-4610.468515	-4610.468515	0
LOC411295	-2903.181237	-2901.872536	2.6174
LOC411306	-4867.416797	-4860.684629	13.4643
LOC411335	-2947.273243	-2947.273243	0
LOC411347	-2004.509337	-2004.509332	1e-05
LOC411365	-3110.910253	-3110.843657	0.133192
LOC411391	-3575.872703	-3575.872703	0
LOC411404	-5962.635078	-5962.635078	0
LOC411408	-2551.145037	-2551.145037	0
LOC411447	-7534.111319	-7534.111319	0
LOC411458	-6777.767782	-6777.767781	2e-06
LOC411473	-8589.616359	-8589.611397	0.009924
LOC411474	-21686.934397	-21686.934397	0
LOC411490	-7372.636666	-7372.636666	0
LOC411509	-4232.712437	-4232.343781	0.737312
LOC411510	-4661.510078	-4645.245447	32.5293
LOC411519	-5562.814219	-5562.814219	0
LOC411524	-2755.895042	-2755.405277	0.97953
LOC411540	-8585.049057	-8585.049057	0
LOC411545	-11281.854758	-11281.854758	0
LOC411552	-4241.659962	-4241.012921	1.29408
LOC411564	-14040.883428	-14038.409474	4.94791
LOC411566	-14218.741286	-14218.741286	0
LOC411633	-4614.551130	-4614.541797	0.018666
LOC411639	-48662.006246	-48660.920445	2.1716
LOC411654	-4241.941230	-4241.847807	0.186846
LOC411665	-3358.369086	-3358.369086	0
LOC411698	-4874.764042	-4874.764042	0
LOC411699	-12847.503088	-12847.302480	0.401216
LOC411719	-5305.969256	-5305.969256	0
LOC411722	-4601.655138	-4601.655138	0
LOC411724	-14208.615357	-14200.369947	16.4908
LOC411730	-11609.863061	-11601.613234	16.4997
LOC411731	-10040.108015	-10038.273232	3.66957
LOC411732	-2912.627611	-2912.627611	0
LOC411789	-2784.899040	-2784.047504	1.70307
LOC411794	-6350.083327	-6350.083314	2.6e-05
LOC411799	-7236.813389	-7236.810498	0.005782
LOC411839	-6514.267618	-6513.706947	1.12134
LOC411856	-3805.702229	-3805.421171	0.562116
LOC411875	-6715.118331	-6715.090240	0.056182
LOC411892	-4072.462466	-4067.620624	9.68368
LOC411904	-10910.637192	-10910.637192	0
LOC411906	-13909.923835	-13909.923835	0
LOC411915	-4458.094110	-4454.893931	6.40036
LOC411923	-13343.784682	-13342.121561	3.32624
LOC411972	-5823.174311	-5823.174311	0
LOC411980	-7730.177994	-7728.453009	3.44997
LOC411982	-3174.159331	-3174.159330	2e-06
LOC411985	-16603.576600	-16580.584080	45.985
LOC412003	-9399.065017	-9399.065013	8e-06
LOC412005	-4702.879152	-4702.879152	0
LOC412018	-8719.199536	-8710.894066	16.6109
LOC412024	-3837.628991	-3837.628991	0
LOC412025	-9400.989628	-9400.989628	0
LOC412027	-5538.248126	-5538.176244	0.143764
LOC412030	-1638.084562	-1638.084562	0
LOC412046	-22704.656567	-22703.837292	1.63855
LOC412064	-2906.546082	-2906.546082	0
LOC412069	-6736.264794	-6736.264794	0
LOC412082	-3647.382899	-3647.382899	0
LOC412097	-12656.975814	-12656.750757	0.450114
LOC412115	-11941.136580	-11940.461794	1.34957
LOC412148	-2784.197850	-2783.093168	2.20936
LOC412150	-11136.744213	-11136.744213	0
LOC412167	-11469.441161	-11469.441161	0
LOC412177	-7315.845672	-7315.845672	0
LOC412195	-6471.154984	-6467.352322	7.60532
LOC412198	-22086.657368	-22086.657368	0
LOC412200	-9273.946204	-9273.946204	0
LOC412232	-4338.992393	-4315.355993	47.2728
LOC412235	-4100.875350	-4100.875350	0
LOC412245	-6753.418807	-6725.805613	55.2264
LOC412247	-4529.025065	-4529.025065	0
LOC412263	-13183.807535	-13183.807535	0
LOC412276	-3720.958574	-3718.843690	4.22977
LOC412277	-5279.825045	-5276.707689	6.23471
LOC412278	-20105.385175	-20101.435397	7.89956
LOC412282	-16559.321402	-16559.317925	0.006954
LOC412287	-6896.331109	-6890.757229	11.1478
LOC412294	-4677.785873	-4677.785873	0
LOC412303	-3568.591360	-3568.591360	0
LOC412332	-15629.990849	-15628.120498	3.7407
LOC412339	-3671.769024	-3671.769024	0
LOC412348	-2783.980460	-2783.980460	0
LOC412366	-4188.608881	-4188.608881	0
LOC412378	-3227.675035	-3227.675035	0
LOC412410	-7217.614980	-7217.614980	0
LOC412422	-20054.458397	-20054.458396	1.99999e-06
LOC412423	-5521.871758	-5521.871758	0
LOC412467	-7132.642935	-7132.642935	0
LOC412470	-6924.765318	-6924.765318	0
LOC412526	-4474.068206	-4474.068206	0
LOC412540	-6666.188930	-6666.188930	0
LOC412547	-1364.990916	-1364.990916	0
LOC412554	-3051.435638	-3051.435638	0
LOC412563	-6243.749461	-6243.688459	0.122004
LOC412573	-6803.607484	-6803.607491	-1.4e-05
LOC412578	-2034.136527	-2034.136527	0
LOC412580	-7024.376771	-7023.465586	1.82237
LOC412598	-4696.883449	-4696.883449	0
LOC412612	-5358.374588	-5358.374588	0
LOC412619	-5596.858406	-5596.858406	0
LOC412623	-13045.962360	-13045.962360	0
LOC412624	-9643.587644	-9641.013549	5.14819
LOC412647	-4441.901867	-4441.901867	0
LOC412670	-6011.084940	-6011.084940	0
LOC412675	-5426.057791	-5426.057791	0
LOC412687	-5074.159724	-5065.670460	16.9785
LOC412690	-4590.691238	-4590.162057	1.05836
LOC412750	-12141.363972	-12140.903169	0.921606
LOC412762	-4392.186130	-4392.186130	0
LOC412810	-13660.097316	-13657.704570	4.78549
LOC412816	-3362.046367	-3360.672935	2.74686
LOC412851	-4283.027111	-4281.817987	2.41825
LOC412870	-1230.959386	-1230.959386	0
LOC412878	-21376.604836	-21376.604836	0
LOC412889	-5901.702963	-5901.702963	0
LOC412931	-6694.505446	-6694.331310	0.348272
LOC412933	-4702.517189	-4702.360866	0.312646
LOC412950	-9965.092918	-9965.065616	0.054604
LOC412956	-5086.250235	-5085.915030	0.67041
LOC413006	-3937.283940	-3937.283940	0
LOC413011	-6537.660434	-6535.660276	4.00032
LOC413030	-3222.386890	-3204.861772	35.0502
LOC413032	-10849.096449	-10840.281441	17.63
LOC413065	-3366.898096	-3365.292441	3.21131
LOC413074	-15813.344337	-15808.832637	9.0234
LOC413087	-9265.716600	-9265.033296	1.36661
LOC413101	-5153.772408	-5153.772408	0
LOC413106	-8428.401291	-8428.401291	0
LOC413110	-2357.528978	-2357.528978	0
LOC413119	-9907.421231	-9904.588739	5.66498
LOC413126	-7979.389811	-7979.105027	0.569568
LOC413133	-4612.215408	-4612.215408	0
LOC413153	-6825.202157	-6825.202157	0
LOC413179	-2625.108138	-2625.108138	0
LOC413194	-6046.790304	-6046.093979	1.39265
LOC413196	-3030.187222	-3030.187222	0
LOC413208	-7432.254352	-7431.967008	0.574688
LOC413228	-7151.590366	-7126.282290	50.6162
LOC413233	-9525.354733	-9525.354733	0
LOC413240	-2590.129582	-2590.129582	0
LOC413242	-9241.265102	-9241.265102	0
LOC413246	-1774.950857	-1774.950857	0
LOC413250	-8323.885244	-8322.470694	2.8291
LOC413271	-6053.161105	-6049.080049	8.16211
LOC413275	-3469.187439	-3469.187439	0
LOC413297	-3434.417487	-3431.923765	4.98744
LOC413305	-8374.108313	-8372.208504	3.79962
LOC413365	-4213.260198	-4213.260198	0
LOC413383	-3995.531316	-3995.531316	0
LOC413389	-7709.958523	-7696.566848	26.7833
LOC413394	-2010.096851	-2009.288759	1.61618
LOC413411	-8656.878732	-8656.878732	0
LOC413430	-5810.884112	-5800.307648	21.1529
LOC413489	-6379.252897	-6375.981611	6.54257
LOC413495	-3062.463927	-3062.463927	0
LOC413510	-16200.994856	-16199.731775	2.52616
LOC413520	-3290.549850	-3290.549850	0
LOC413529	-6611.421353	-6611.421353	0
LOC413534	-5884.913082	-5884.426038	0.974088
LOC413542	-14148.556934	-14144.828840	7.45619
LOC413544	-7341.208907	-7340.512369	1.39308
LOC413567	-4584.710609	-4582.412543	4.59613
LOC413573	-3457.374757	-3454.907477	4.93456
LOC413575	-10361.595533	-10361.595533	0
LOC413576	-8651.167341	-8649.372430	3.58982
LOC413579	-6942.649988	-6942.540966	0.218044
LOC413583	-5831.488743	-5830.486527	2.00443
LOC413601	-3133.680560	-3133.605325	0.15047
LOC413614	-1777.958698	-1777.958698	0
LOC413619	-2273.592025	-2273.592025	0
LOC413643	-5607.497904	-5607.497904	0
LOC413668	-9634.201437	-9633.980168	0.442538
LOC413672	-8878.125167	-8874.897300	6.45573
LOC413678	-6233.314112	-6233.314112	0
LOC413688	-6367.210393	-6367.210393	0
LOC413699	-6573.599237	-6573.599237	0
LOC413713	-9222.890961	-9222.890961	0
LOC413736	-6713.473471	-6712.989162	0.968618
LOC413742	-8689.982172	-8689.982172	0
LOC413772	-6426.854066	-6426.854066	0
LOC413782	-10261.695674	-10258.478082	6.43518
LOC413796	-13431.448027	-13431.379531	0.136992
LOC413815	-5051.133608	-5051.133608	0
LOC413827	-3051.882804	-3051.882804	0
LOC413854	-10471.774117	-10471.774117	0
LOC413873	-19751.899564	-19751.899564	0
LOC413878	-7963.703183	-7963.703183	0
LOC413881	-1660.823429	-1660.823429	0
LOC413889	-4365.113872	-4365.113872	0
LOC413909	-6451.234982	-6451.167005	0.135954
LOC413914	-3645.864718	-3645.864718	0
LOC413916	-3320.886423	-3320.886423	0
LOC413917	-7411.880586	-7411.880586	0
LOC413950	-12377.222813	-12377.216612	0.012402
LOC413976	-2369.609444	-2369.609444	0
LOC413987	-6251.017623	-6251.017623	0
LOC414009	-7136.747038	-7119.069299	35.3555
LOC414027	-1935.019773	-1935.019773	0
LOC414035	-3401.289662	-3401.289662	0
LOC414039	-1060.430048	-1060.430042	1.2e-05
LOC494509	-4059.994822	-4059.994822	0
LOC550659	-4026.039439	-4025.477162	1.12455
LOC550695	-7815.502382	-7815.502382	0
LOC550701	-4184.505068	-4180.364257	8.28162
LOC550710	-2243.528601	-2241.900377	3.25645
LOC550716	-16268.245499	-16268.245499	0
LOC550767	-3210.121970	-3210.121970	0
LOC550780	-3217.548583	-3217.192411	0.712344
LOC550789	-4125.092360	-4124.809163	0.566394
LOC550804	-8600.959325	-8600.959325	0
LOC550829	-21934.716072	-21931.572909	6.28633
LOC550834	-817.656948	-817.656948	0
LOC550869	-6649.140677	-6642.124355	14.0326
LOC550881	-2536.081869	-2536.081869	0
LOC550884	-6810.404718	-6810.404718	0
LOC550885	-6912.281348	-6912.281348	0
LOC550901	-4639.512051	-4634.268658	10.4868
LOC550903	-10065.113753	-10064.264870	1.69777
LOC550955	-3015.623535	-3013.286505	4.67406
LOC550970	-2253.267694	-2253.267695	-2e-06
LOC550998	-3089.519037	-3089.274406	0.489262
LOC551009	-7266.349555	-7263.397058	5.90499
LOC551012	-7939.321364	-7936.814119	5.01449
LOC551036	-4706.816811	-4706.816810	2e-06
LOC551042	-2718.352782	-2714.778816	7.14793
LOC551057	-3201.158743	-3201.158743	0
LOC551088	-5550.711211	-5549.482725	2.45697
LOC551093	-7064.043334	-7064.043334	0
LOC551100	-3023.129151	-3023.129151	0
LOC551114	-2324.686846	-2324.686846	0
LOC551116	-3519.302429	-3517.695322	3.21421
LOC551133	-4746.280062	-4746.280062	0
LOC551177	-1929.513196	-1929.442770	0.140852
LOC551194	-6825.569825	-6825.569825	0
LOC551198	-3717.212276	-3713.062477	8.2996
LOC551207	-9938.997843	-9938.997843	0
LOC551208	-4445.762798	-4444.201109	3.12338
LOC551212	-8443.710762	-8443.710762	0
LOC551219	-7523.930565	-7523.930565	0
LOC551231	-4947.688630	-4947.688630	0
LOC551248	-1828.584685	-1827.357123	2.45512
LOC551276	-6591.810527	-6591.810527	0
LOC551290	-5731.007946	-5731.007946	0
LOC551304	-612.367233	-608.981887	6.77069
LOC551314	-10207.856479	-10207.856479	0
LOC551324	-5242.566324	-5242.566324	0
LOC551353	-2673.199093	-2673.199093	0
LOC551364	-5759.983012	-5759.983012	0
LOC551379	-5995.623385	-5991.554945	8.13688
LOC551381	-1153.788197	-1153.788197	0
LOC551384	-4599.871632	-4599.871632	0
LOC551392	-5845.862091	-5845.862091	0
LOC551395	-6395.986226	-6395.335786	1.30088
LOC551398	-14745.865808	-14745.865808	0
LOC551405	-6989.534054	-6989.385562	0.296984
LOC551413	-2005.636036	-2005.636036	0
LOC551414	-4317.138958	-4317.138958	0
LOC551416	-6697.331250	-6695.667353	3.32779
LOC551425	-12986.496492	-12986.496492	0
LOC551426	-4219.233071	-4212.122190	14.2218
LOC551435	-7476.110736	-7467.395237	17.431
LOC551439	-4179.305354	-4179.305354	0
LOC551441	-3473.830838	-3473.830838	0
LOC551445	-3839.702798	-3839.702798	0
LOC551447	-5452.878981	-5452.876784	0.004394
LOC551448	-3110.713180	-3110.713180	0
LOC551452	-4861.624022	-4861.356229	0.535586
LOC551457	-4513.692253	-4513.692253	0
LOC551467	-4961.313095	-4961.160861	0.304468
LOC551484	-8683.019713	-8682.192247	1.65493
LOC551500	-12793.716816	-12793.716817	-2e-06
LOC551501	-2174.445078	-2174.445078	0
LOC551517	-5422.107768	-5421.755431	0.704674
LOC551530	-22899.107019	-22899.107019	0
LOC551549	-6429.229780	-6426.450097	5.55937
LOC551554	-1774.853980	-1774.853980	0
LOC551578	-9705.530614	-9705.530614	0
LOC551581	-6621.222420	-6621.222420	0
LOC551589	-2397.355581	-2397.355581	0
LOC551602	-7259.213257	-7257.877362	2.67179
LOC551603	-2249.721186	-2249.428669	0.585034
LOC551607	-1222.491840	-1222.491840	0
LOC551608	-5542.024133	-5542.024133	0
LOC551618	-6345.376095	-6343.553356	3.64548
LOC551619	-11128.862915	-11128.862915	0
LOC551629	-16522.602327	-16522.602327	0
LOC551631	-8651.422683	-8651.421918	0.00153
LOC551642	-5156.714461	-5156.714461	0
LOC551662	-3114.906198	-3114.906198	0
LOC551664	-4222.537934	-4222.537934	0
LOC551668	-12673.666019	-12645.350766	56.6305
LOC551679	-2567.370571	-2567.370571	0
LOC551683	-4665.639786	-4662.416328	6.44692
LOC551695	-772.559959	-772.559959	0
LOC551699	-5557.029468	-5556.244115	1.57071
LOC551709	-13596.749177	-13591.512061	10.4742
LOC551712	-6054.850884	-6054.850884	0
LOC551721	-5465.894319	-5465.894319	0
LOC551732	-4430.941684	-4430.650989	0.58139
LOC551749	-8038.814025	-8038.130016	1.36802
LOC551753	-18540.437681	-18540.203432	0.468498
LOC551755	-1413.368783	-1413.368783	0
LOC551757	-2041.889654	-2041.889654	0
LOC551794	-2252.810309	-2252.810309	0
LOC551806	-4522.108809	-4520.944062	2.32949
LOC551815	-5100.188462	-5100.188462	0
LOC551817	-1585.130488	-1585.130488	0
LOC551819	-5324.232087	-5324.081433	0.301308
LOC551827	-4300.633579	-4300.633579	0
LOC551847	-4568.747363	-4568.252532	0.989662
LOC551872	-3586.226730	-3586.226730	0
LOC551882	-3007.151650	-3006.518047	1.26721
LOC551890	-5383.066937	-5383.066604	0.000666
LOC551892	-3562.209982	-3562.209982	0
LOC551898	-1358.391243	-1358.391243	0
LOC551912	-1040.392296	-1040.266312	0.251968
LOC551922	-2205.614174	-2204.674050	1.88025
LOC551952	-3786.646543	-3785.079183	3.13472
LOC551961	-1616.230064	-1616.230064	0
LOC551962	-2940.736147	-2940.736147	0
LOC551964	-7900.388666	-7900.388666	0
LOC551969	-7050.680651	-7050.680651	0
LOC551970	-15418.611946	-15418.611946	0
LOC551972	-5728.438505	-5728.438505	0
LOC551980	-3294.653658	-3289.049390	11.2085
LOC551982	-2491.502849	-2491.502849	0
LOC551986	-4592.073608	-4592.057556	0.032104
LOC552000	-2615.563912	-2615.563912	0
LOC552003	-3052.417812	-3052.005666	0.824292
LOC552009	-3763.858883	-3762.443329	2.83111
LOC552036	-5929.999758	-5928.144745	3.71003
LOC552043	-3815.347392	-3815.248862	0.19706
LOC552051	-3771.538071	-3771.538071	0
LOC552056	-6047.829050	-6047.829050	0
LOC552062	-5448.730174	-5447.237118	2.98611
LOC552091	-4494.532183	-4492.359084	4.3462
LOC552093	-3924.219528	-3924.219528	0
LOC552095	-16151.294824	-16151.280170	0.029308
LOC552124	-3112.807281	-3112.807281	0
LOC552138	-1834.533773	-1834.533773	0
LOC552139	-3882.909767	-3882.909767	0
LOC552141	-3432.772170	-3432.727424	0.089492
LOC552144	-6865.116211	-6864.770541	0.69134
LOC552145	-2053.251020	-2053.243002	0.016036
LOC552150	-4887.707869	-4887.707869	0
LOC552156	-6442.169116	-6432.112343	20.1135
LOC552161	-1463.750731	-1461.127160	5.24714
LOC552163	-5989.129221	-5984.151311	9.95582
LOC552180	-1771.057607	-1771.057607	0
LOC552181	-3410.654962	-3410.639001	0.031922
LOC552191	-4872.349304	-4872.349304	0
LOC552194	-6182.889568	-6182.730096	0.318944
LOC552196	-2464.660715	-2459.537056	10.2473
LOC552197	-4249.091326	-4248.640494	0.901664
LOC552204	-1887.513281	-1887.513281	0
LOC552213	-2024.721335	-2024.677685	0.0873
LOC552237	-2367.392723	-2367.392723	0
LOC552245	-8800.296556	-8800.296556	0
LOC552246	-4616.425059	-4616.425059	0
LOC552247	-9222.858495	-9221.244579	3.22783
LOC552249	-18832.758975	-18826.547711	12.4225
LOC552254	-5433.073035	-5420.952280	24.2415
LOC552263	-4099.419432	-4099.419432	0
LOC552278	-4537.856298	-4537.856298	0
LOC552283	-3853.457234	-3853.457234	0
LOC552315	-3573.330740	-3526.425386	93.8107
LOC552327	-4882.195070	-4882.195070	0
LOC552348	-2190.673094	-2190.672299	0.00159
LOC552353	-1860.711495	-1860.711495	0
LOC552377	-4740.991125	-4737.796020	6.39021
LOC552392	-5094.494736	-5091.908155	5.17316
LOC552398	-4583.272219	-4583.272219	0
LOC552403	-1389.656657	-1389.656657	0
LOC552410	-1336.945188	-1336.945188	0
LOC552413	-3971.542816	-3971.542816	0
LOC552417	-7239.841354	-7239.841354	0
LOC552419	-2048.980072	-2047.516213	2.92772
LOC552424	-3303.796180	-3303.796180	0
LOC552426	-2634.953319	-2634.953319	0
LOC552432	-5856.573343	-5856.573341	4e-06
LOC552441	-2883.112982	-2883.112982	0
LOC552443	-2456.886203	-2455.582596	2.60721
LOC552449	-2508.751499	-2505.544598	6.4138
LOC552451	-4833.954719	-4833.264671	1.3801
LOC552455	-7510.057216	-7510.057216	0
LOC552460	-1442.372231	-1442.372231	0
LOC552476	-1278.736190	-1276.451258	4.56986
LOC552479	-9842.678783	-9841.845544	1.66648
LOC552485	-5727.437783	-5726.707537	1.46049
LOC552488	-5060.111582	-5060.111582	0
LOC552495	-10443.312817	-10441.934240	2.75715
LOC552496	-9502.319911	-9500.105065	4.42969
LOC552501	-1707.092687	-1707.092687	0
LOC552510	-7506.137971	-7504.638262	2.99942
LOC552511	-3716.204702	-3716.204702	0
LOC552516	-3838.053369	-3838.053369	0
LOC552520	-3952.905088	-3939.451186	26.9078
LOC552522	-7293.424322	-7293.276479	0.295686
LOC552528	-8221.948983	-8221.948983	0
LOC552529	-1442.897344	-1442.897344	0
LOC552531	-1156.348296	-1156.348296	0
LOC552533	-6632.091138	-6625.887488	12.4073
LOC552549	-5889.385696	-5889.385696	0
LOC552551	-1412.122730	-1411.469747	1.30597
LOC552562	-5274.476311	-5273.669770	1.61308
LOC552566	-6579.817374	-6571.592330	16.4501
LOC552571	-7718.890633	-7718.850410	0.080446
LOC552590	-4500.594529	-4500.594529	0
LOC552592	-7849.280448	-7849.277930	0.005036
LOC552599	-1674.241266	-1658.424891	31.6328
LOC552607	-3788.726691	-3788.726691	0
LOC552641	-5477.076131	-5477.076097	6.8e-05
LOC552643	-9172.138297	-9172.138297	0
LOC552654	-2661.912559	-2661.909226	0.006666
LOC552656	-6492.669253	-6491.849988	1.63853
LOC552658	-12945.162134	-12944.376851	1.57057
LOC552662	-5092.139531	-5092.139531	0
LOC552674	-12033.106849	-12029.327092	7.55951
LOC552686	-2397.572917	-2397.572917	0
LOC552688	-3353.988371	-3353.988371	0
LOC552696	-5000.186759	-5000.186759	0
LOC552715	-3717.694843	-3717.694843	0
LOC552719	-1355.368437	-1355.368437	0
LOC552720	-2766.661922	-2760.632640	12.0586
LOC552721	-2724.954687	-2724.954687	0
LOC552723	-6989.109508	-6986.511665	5.19569
LOC552725	-7215.597753	-7214.047379	3.10075
LOC552730	-1983.458616	-1977.302530	12.3122
LOC552734	-3613.920663	-3613.920663	0
LOC552745	-5319.352099	-5319.352099	0
LOC552747	-8788.771673	-8788.578848	0.38565
LOC552748	-5417.381455	-5417.381455	0
LOC552756	-5473.306620	-5473.306620	0
LOC552766	-5316.586693	-5316.586693	0
LOC552769	-3741.267868	-3741.267868	0
LOC552772	-1496.735663	-1496.735663	0
LOC552776	-7487.052695	-7487.052695	0
LOC552779	-1772.783973	-1772.783965	1.6e-05
LOC552787	-10201.479873	-10201.479873	0
LOC552794	-14930.534128	-14923.835938	13.3964
LOC552797	-3950.729768	-3950.716830	0.025876
LOC552802	-1569.485161	-1568.204677	2.56097
LOC552804	-5445.365725	-5445.365725	0
LOC552807	-1732.097224	-1732.096234	0.00198
LOC552827	-649.292971	-649.292971	0
LOC552832	-4644.197300	-4644.188385	0.01783
LOC552839			0
LOC724169	-2677.673498	-2677.673498	0
LOC724170	-5173.299843	-5173.299843	0
LOC724188	-1178.681895	-1178.681895	0
LOC724215	-19351.077173	-19351.077173	0
LOC724216	-4453.290158	-4453.290158	0
LOC724218	-4693.633051	-4693.627225	0.011652
LOC724239	-5512.472006	-5512.472006	0
LOC724241	-1180.440139	-1180.440139	0
LOC724247	-7255.095817	-7254.530228	1.13118
LOC724256	-2896.896072	-2896.896072	0
LOC724291	-5076.180347	-5076.180347	0
LOC724292	-5265.842237	-5265.745114	0.194246
LOC724296	-9725.366477	-9722.445707	5.84154
LOC724303	-1623.480765	-1623.480765	0
LOC724323	-4953.708356	-4953.708356	0
LOC724339	-7432.374004	-7432.374004	0
LOC724341	-3283.132319	-3283.116180	0.032278
LOC724343	-1742.921406	-1742.349971	1.14287
LOC724350	-2653.790198	-2653.790198	0
LOC724365	-1522.298451	-1522.298451	0
LOC724366	-1862.769194	-1862.744279	0.04983
LOC724386	-3061.953022	-3061.953022	0
LOC724407	-174.988001	-174.987996	1e-05
LOC724408	-1514.739114	-1514.739114	0
LOC724423	-25722.776325	-25721.638031	2.27659
LOC724432	-4439.012160	-4436.808536	4.40725
LOC724443	-4991.784579	-4991.784579	0
LOC724486	-1580.549309	-1580.549309	0
LOC724488	-3318.600308	-3318.068812	1.06299
LOC724496	-6303.655814	-6303.655814	0
LOC724510	-13874.332886	-13859.461985	29.7418
LOC724533	-1635.691831	-1635.691831	0
LOC724542	-9428.614524	-9426.672710	3.88363
LOC724625	-693.014415	-693.014415	0
LOC724630	-1306.240236	-1306.240236	0
LOC724648	-2501.380828	-2501.380828	0
LOC724654	-1841.807925	-1841.767474	0.080902
LOC724656	-11822.591762	-11811.823501	21.5365
LOC724700	-5595.129025	-5595.129025	0
LOC724703	-8121.688519	-8117.819182	7.73867
LOC724704	-5423.795086	-5423.795086	0
LOC724710	-3302.561542	-3300.521728	4.07963
LOC724741	-9711.042761	-9711.042761	0
LOC724742	-4389.466389	-4389.466389	0
LOC724769	-1441.037036	-1441.037036	0
LOC724786	-1656.530635	-1656.530635	0
LOC724790	-3181.995268	-3180.551331	2.88787
LOC724794	-1300.948335	-1300.948335	0
LOC724798	-5221.140678	-5219.889446	2.50246
LOC724809	-9249.932693	-9247.954618	3.95615
LOC724827	-2956.028566	-2952.817429	6.42227
LOC724863	-8316.164918	-8316.130713	0.06841
LOC724865	-13064.251468	-13061.211137	6.08066
LOC724885	-3015.802335	-3015.802335	0
LOC724888	-1162.217184	-1162.217184	0
LOC724891	-7414.824201	-7412.632401	4.3836
LOC724896	-901.492393	-901.492393	0
LOC724926	-10599.987257	-10599.568927	0.83666
LOC724930	-8429.660892	-8426.574883	6.17202
LOC724932	-5569.862434	-5567.875975	3.97292
LOC724947	-3718.875857	-3718.875851	1.2e-05
LOC724948	-10885.724035	-10885.652267	0.143536
LOC724953	-2907.798634	-2907.798634	0
LOC724954	-1912.788713	-1911.543351	2.49072
LOC725023	-5979.156928	-5979.156928	0
LOC725026	-5293.066099	-5293.066099	0
LOC725044	-5836.075511	-5836.075511	0
LOC725055	-604.711734	-603.773967	1.87553
LOC725111	-11561.598208	-11554.716729	13.763
LOC725142	-937.014352	-937.014352	0
LOC725143	-4412.492688	-4412.492688	0
LOC725146	-4320.603881	-4320.603881	0
LOC725149	-12536.270983	-12536.226144	0.089678
LOC725178	-8410.321631	-8410.102648	0.437966
LOC725184	-1252.542751	-1252.542751	0
LOC725204	-4051.897758	-4051.559093	0.67733
LOC725216	-23574.864438	-23574.864438	0
LOC725238	-4055.351446	-4055.344032	0.014828
LOC725240	-1341.101357	-1340.127688	1.94734
LOC725261	-1901.028249	-1900.271419	1.51366
LOC725266	-1599.009025	-1599.009025	0
LOC725306	-25341.303977	-25341.303976	2e-06
LOC725316	-1530.185025	-1529.625207	1.11964
LOC725320	-9084.422240	-9082.919965	3.00455
LOC725325	-6961.336818	-6961.248167	0.177302
LOC725330	-6684.765403	-6682.887897	3.75501
LOC725343	-7670.327336	-7670.327335	2e-06
LOC725345	-1106.836373	-1106.736447	0.199852
LOC725348	-5127.499795	-5127.499795	0
LOC725362	-3364.669791	-3364.669791	0
LOC725363	-4369.613344	-4369.613344	0
LOC725368	-5182.220758	-5182.220758	0
LOC725374	-2601.120104	-2601.120104	0
LOC725388	-8559.149408	-8559.149209	0.000398
LOC725416	-1614.246195	-1614.246195	0
LOC725459	-3232.965509	-3232.965509	0
LOC725477	-7615.290825	-7615.290825	0
LOC725478	-2649.499528	-2649.499528	0
LOC725486	-10207.654338	-10207.654338	0
LOC725491	-2187.376181	-2187.376181	0
LOC725496	-5604.507413	-5603.114317	2.78619
LOC725505	-3032.881611	-3032.881611	0
LOC725512	-7057.250356	-7049.997855	14.505
LOC725529	-3796.815741	-3796.430474	0.770534
LOC725539	-7693.720314	-7693.720314	0
LOC725551	-2735.472888	-2735.472888	0
LOC725552	-9520.068352	-9520.068352	0
LOC725566	-1887.537196	-1883.220501	8.63339
LOC725569	-4840.404368	-4838.245090	4.31856
LOC725571	-5648.392316	-5648.392316	0
LOC725572	-1222.689287	-1218.655496	8.06758
LOC725576	-8935.463244	-8935.463244	0
LOC725603	-2563.327281	-2563.327281	0
LOC725609	-852.022214	-852.022214	0
LOC725611	-20476.798914	-20476.798914	0
LOC725612	-13451.668794	-13451.668794	0
LOC725628	-3088.959741	-3088.959741	0
LOC725633	-1653.363538	-1653.363538	0
LOC725641	-1089.461614	-1089.461614	0
LOC725661	-7092.660308	-7092.660308	0
LOC725686	-929.251748	-929.241774	0.019948
LOC725688	-2401.324959	-2398.525131	5.59966
LOC725690	-4187.092062	-4187.092062	0
LOC725701	-7080.889930	-7080.889930	0
LOC725705	-1294.908540	-1294.908540	0
LOC725719	-14069.971875	-14069.971875	0
LOC725744	-2703.525680	-2702.434487	2.18239
LOC725753	-3532.693903	-3531.719228	1.94935
LOC725756	-6755.551593	-6755.551593	0
LOC725770	-9183.346718	-9183.346718	0
LOC725780	-4299.009893	-4299.009893	0
LOC725801	-4896.533826	-4896.533826	0
LOC725835	-1358.532943	-1358.532943	0
LOC725856	-1569.418790	-1569.418790	0
LOC725880	-784.867810	-784.867809	2e-06
LOC725881	-3508.907541	-3508.907541	0
LOC725896	-6155.656334	-6142.653469	26.0057
LOC725899	-5335.866995	-5331.171860	9.39027
LOC725922	-7229.072183	-7229.072183	0
LOC725942	-1797.130880	-1797.130880	0
LOC725947	-697.807639	-697.807638	2e-06
LOC726002	-14679.814269	-14673.636547	12.3554
LOC726015	-3668.531260	-3668.429142	0.204236
LOC726030	-9866.474247	-9866.474247	0
LOC726040	-12604.269861	-12604.269861	0
LOC726061	-1378.641327	-1378.641327	0
LOC726095	-4069.804196	-4069.804196	0
LOC726102	-7503.860564	-7497.449633	12.8219
LOC726118	-1703.613917	-1702.276142	2.67555
LOC726131	-1224.592760	-1224.592760	0
LOC726163	-3001.094206	-2999.268464	3.65148
LOC726164	-2473.851746	-2473.851746	0
LOC726167	-3199.961578	-3199.874138	0.17488
LOC726172	-4142.836844	-4141.660066	2.35356
LOC726187	-9029.637236	-9029.637236	0
LOC726197	-2042.178180	-2042.117006	0.122348
LOC726205	-3184.725090	-3179.693034	10.0641
LOC726212	-8574.825961	-8573.935177	1.78157
LOC726221	-1609.353990	-1609.353990	0
LOC726227	-6977.137035	-6976.964263	0.345544
LOC726237	-3814.349961	-3814.349961	0
LOC726239	-3954.190849	-3954.190849	0
LOC726240	-1815.337061	-1815.337061	0
LOC726253	-2812.699849	-2812.699849	0
LOC726255	-5104.098744	-5101.711706	4.77408
LOC726289	-2508.683785	-2508.683785	0
LOC726302	-2535.089916	-2535.089916	0
LOC726303	-3610.789770	-3609.330923	2.91769
LOC726310	-12845.231143	-12844.896908	0.66847
LOC726315	-7371.864789	-7371.429861	0.869856
LOC726352	-3609.728946	-3609.728946	0
LOC726380	-4379.513905	-4379.513905	0
LOC726389	-5695.751025	-5695.751025	0
LOC726409	-1902.471883	-1902.471883	0
LOC726414	-11947.035254	-11946.966429	0.13765
LOC726418	-6037.721671	-6037.721671	0
LOC726428	-2638.656995	-2636.400643	4.5127
LOC726497	-27785.195487	-27785.195487	0
LOC726498	-1536.458740	-1536.458740	0
LOC726500	-1420.679931	-1420.679931	0
LOC726540	-15843.076513	-15843.076513	0
LOC726562	-8059.428478	-8058.253494	2.34997
LOC726579	-8550.240201	-8550.240201	0
LOC726583	-10075.974769	-10075.974769	0
LOC726609	-1844.695139	-1844.695139	0
LOC726626	-2253.934719	-2251.268162	5.33311
LOC726637	-9594.429963	-9594.429963	0
LOC726666	-916.889859	-916.889857	4e-06
LOC726720	-1803.294880	-1803.294880	0
LOC726721	-686.181886	-686.181886	0
LOC726742	-13847.757926	-13846.785369	1.94511
LOC726747	-1757.562079	-1754.089760	6.94464
LOC726754	-4804.441110	-4802.570119	3.74198
LOC726760	-8981.706842	-8981.706842	0
LOC726800	-4908.572790	-4908.141988	0.861604
LOC726811	-4441.663206	-4438.799718	5.72698
LOC726812	-6190.326323	-6184.964466	10.7237
LOC726822	-2817.488120	-2817.488120	0
LOC726826	-5687.281002	-5687.281002	0
LOC726850	-1873.608608	-1873.263287	0.690642
LOC726869	-7607.270568	-7607.270568	0
LOC726872	-2534.353951	-2533.960054	0.787794
LOC726887	-3265.580810	-3265.580810	0
LOC726890	-4038.196415	-4037.820049	0.752732
LOC726923	-1197.805199	-1197.805199	0
LOC726928	-12040.877193	-12025.137710	31.479
LOC726947	-7490.612845	-7490.612845	0
LOC726958	-2626.920661	-2626.920661	0
LOC726983	-7617.260394	-7617.174992	0.170804
LOC726999	-3886.032928	-3886.032928	0
LOC727004	-2402.285375	-2402.285374	2e-06
LOC727009	-9841.660519	-9839.647953	4.02513
LOC727022	-8908.630561	-8908.630561	0
LOC727025	-589.044256	-589.044256	0
LOC727027	-8372.463591	-8371.895685	1.13581
LOC727048	-3672.256385	-3665.694777	13.1232
LOC727116	-2543.778022	-2543.778022	0
LOC727122	-1117.027035	-1116.752435	0.5492
LOC727146	-10199.634367	-10199.634367	0
LOC727186	-1443.893569	-1443.893569	0
LOC727229	-9288.477886	-9286.346358	4.26306
LOC727237	-6713.154226	-6712.752897	0.802658
LOC727238	-25802.403185	-25800.789496	3.22738
LOC727299	-5624.773816	-5624.773816	0
LOC727303	-5358.292264	-5358.292264	0
LOC727320	-7659.912074	-7659.903295	0.017558
LOC727378	-934.289592	-933.843829	0.891526
LOC727396	-14788.156573	-14779.077899	18.1573
LOC727420	-4403.833934	-4402.928935	1.81
LOC727456	-279.235587	-279.235587	0
LOC727495	-11492.465151	-11492.465151	0
LOC727539	-3920.209148	-3920.209148	0
LOC727582	-4870.434366	-4870.434366	0
LOC727622	-5670.596736	-5669.387468	2.41854
LOC727634	-5974.074891	-5974.074891	0
LOC727652	-17790.760073	-17774.062334	33.3955
NOS	-14243.992328	-14243.992328	0
PGRP-S3	-2051.311249	-2051.311249	0
Ppib	-2061.498335	-2046.711020	29.5746
PPO	-8211.380466	-8206.972742	8.81545
Pten	-1746.415915	-1746.415915	0
Rnft2	-6016.819021	-6016.819021	0
RpL35	-1630.710846	-1630.710846	0
Smb	-1754.295329	-1754.295329	0
Snf	-2314.796268	-2314.796268	0
STT3B	-7326.006984	-7323.971763	4.07044
Tpi	-2709.904192	-2709.904192	0
Tspan6	-4810.401309	-4807.074144	6.65433
Usp	-4582.078581	-4582.078581	0
Vg	-42692.907821	-42692.075943	1.66376
Vha16	-1298.017231	-1296.819510	2.39544
